573 -1 -1 -1 -1
0 524 510 704 646
1 522 509 705 643
2 522 509 705 643
3 522 509 701 642
4 522 509 700 643
5 522 509 700 644
6 521 509 697 640
7 520 509 697 643
8 519 508 696 644
9 518 508 695 640
10 517 508 692 644
11 515 509 689 641
12 512 510 686 641
13 509 510 685 645
14 505 510 681 646
15 501 511 679 645
16 497 512 675 643
17 496 512 671 645
18 494 512 665 642
19 490 509 666 642
20 488 512 660 643
21 482 510 657 642
22 476 510 651 640
23 476 510 649 642
24 477 510 648 638
25 477 510 648 637
26 481 507 650 638
27 484 508 653 640
28 483 507 650 637
29 486 504 649 632
30 487 500 655 628
31 486 502 654 628
32 495 498 659 625
33 500 494 663 622
34 504 492 668 615
35 509 486 672 614
36 512 483 674 604
37 513 483 674 604
38 519 477 680 597
39 525 469 685 589
40 528 464 688 589
41 531 460 692 583
42 534 454 692 577
43 537 455 694 577
44 535 452 697 574
45 538 447 699 568
46 541 443 699 564
47 546 440 703 562
48 550 436 706 558
49 550 438 706 559
50 551 431 707 553
51 551 430 709 549
52 556 428 708 544
53 555 426 711 542
54 558 427 713 541
55 559 424 713 542
56 563 423 716 541
57 562 423 716 538
58 563 421 716 537
59 563 421 715 537
60 566 420 718 535
61 563 421 719 533
62 566 417 720 532
63 569 417 723 535
64 569 420 724 535
65 570 418 724 537
66 572 417 726 538
67 571 418 723 539
68 574 418 727 539
69 575 416 730 537
70 575 415 731 537
71 577 416 733 538
72 576 414 732 533
73 577 417 733 535
74 576 414 732 535
75 575 417 734 535
76 575 413 735 537
77 576 417 734 539
78 575 413 736 538
79 577 415 737 534
80 577 412 737 534
81 575 412 737 533
82 578 410 737 533
83 576 408 735 531
84 574 411 735 533
85 575 409 733 533
86 571 408 733 531
87 574 409 732 533
88 570 404 730 530
89 569 405 730 529
90 565 403 727 531
91 565 404 727 530
92 564 405 725 530
93 562 404 725 528
94 561 403 723 529
95 561 402 723 527
96 558 401 721 531
97 556 402 720 529
98 556 403 719 525
99 554 399 716 527
100 550 399 714 525
101 546 397 712 527
102 542 398 709 527
103 541 399 707 526
104 540 397 705 528
105 533 398 701 528
106 531 398 699 530
107 526 399 695 532
108 522 402 692 529
109 522 400 691 532
110 515 402 686 534
111 510 399 684 537
112 504 400 684 540
113 499 397 682 539
114 493 402 674 539
115 494 401 674 538
116 488 401 667 544
117 484 407 663 545
118 480 404 660 546
119 473 405 656 544
120 470 407 654 548
121 467 407 653 549
122 460 410 648 556
123 454 412 641 558
124 449 417 638 564
125 444 418 632 569
126 438 426 627 573
127 437 424 629 572
128 431 426 625 575
129 424 431 617 579
130 415 433 610 582
131 407 440 605 589
132 403 440 602 595
133 402 443 601 594
134 395 446 594 598
135 391 450 590 606
136 382 450 585 607
137 375 455 578 612
138 363 455 573 618
139 365 455 573 619
140 356 464 568 620
141 347 464 559 629
142 337 472 551 638
143 333 476 544 643
144 321 476 537 647
145 321 480 536 645
146 312 486 530 650
147 298 488 521 653
148 287 491 511 662
149 278 495 501 666
150 267 502 494 666
151 270 501 491 667
152 269 502 480 675
153 244 506 470 682
154 230 509 461 693
155 214 521 452 703
156 204 525 443 711
157 211 526 442 706
158 182 531 429 714
159 165 535 415 720
160 158 540 401 720
161 153 545 390 720
162 135 551 376 720
163 139 553 376 720
164 104 559 362 720
165 91 564 347 720
166 70 580 334 720
167 67 590 320 720
168 40 602 302 720
169 43 600 306 720
170 23 614 287 720
171 41 626 267 720
172 7 639 225 720
173 13 656 209 720
174 62 672 149 720
175 59 667 150 720
176 35 685 99 720
280 741 336 828 412
281 742 337 828 412
282 742 334 827 410
283 744 335 828 408
284 743 333 829 408
285 743 334 828 408
286 741 331 830 407
287 745 330 828 404
288 744 326 829 402
289 744 327 830 399
290 745 324 828 400
291 742 320 830 396
292 744 316 831 393
293 742 314 830 391
294 747 312 830 391
295 749 312 830 393
296 746 310 830 387
297 752 304 829 381
298 750 302 831 381
299 750 299 830 379
300 747 297 832 375
301 744 296 830 373
302 747 294 830 369
303 746 290 833 368
304 746 287 831 365
305 743 286 831 363
306 746 283 830 362
307 746 285 831 364
308 745 284 830 361
309 746 281 832 359
310 745 280 833 355
311 746 278 831 355
312 744 279 829 353
313 744 278 830 352
314 745 278 830 350
315 744 277 826 351
316 744 276 827 350
317 745 275 825 350
318 743 277 827 351
319 744 275 828 350
320 742 276 827 351
321 742 277 826 349
322 744 276 826 350
323 741 277 826 348
324 743 276 825 346
325 742 277 825 350
326 740 278 826 350
327 740 276 825 349
328 741 277 823 348
329 738 279 824 346
330 740 278 823 350
331 740 279 824 350
332 740 280 822 350
333 740 279 822 352
334 738 280 822 353
335 740 279 820 353
336 739 282 820 355
337 738 280 821 354
338 738 284 820 354
339 741 283 821 356
340 739 284 822 358
341 741 286 820 359
342 743 288 820 361
343 741 286 820 360
344 740 287 820 362
345 743 291 818 364
346 741 291 819 367
347 740 292 820 369
348 741 294 820 369
349 741 294 819 367
350 740 296 819 370
351 740 297 818 373
352 739 301 819 374
353 739 301 819 376
354 743 305 818 382
355 742 305 817 378
356 741 306 819 383
357 740 310 819 383
358 736 313 817 386
359 737 314 818 388
360 736 316 817 391
361 738 317 818 393
362 737 319 820 394
363 736 318 820 396
364 737 320 815 401
365 737 326 817 402
366 737 328 817 403
367 738 328 816 402
368 738 328 818 402
369 736 328 818 405
370 737 329 821 405
371 734 326 819 403
372 735 327 819 402
373 738 328 817 405
374 735 326 819 403
375 736 327 819 402
376 735 327 820 402
377 735 326 818 402
378 736 325 819 403
379 736 327 819 401
380 733 324 818 400
381 733 324 818 399
382 732 323 817 395
383 732 322 820 401
384 734 323 817 401
385 733 325 820 400
386 732 323 814 397
387 731 323 812 399
388 732 322 812 397
389 730 320 812 397
390 724 320 813 397
391 731 318 813 397
392 731 321 813 399
393 731 318 809 397
394 729 319 808 395
395 728 317 808 395
396 727 316 808 395
397 728 316 808 393
398 729 316 809 390
399 727 315 807 393
400 726 316 807 390
401 726 315 806 390
402 725 312 807 390
403 727 311 806 387
404 725 311 804 388
405 725 311 803 384
406 724 308 801 385
407 722 306 801 380
408 722 305 797 374
409 722 305 796 374
410 718 303 798 377
411 719 300 796 371
412 718 296 792 368
413 717 294 791 364
414 714 288 787 360
415 713 286 789 360
416 712 284 789 358
417 711 280 787 352
418 710 276 784 349
419 711 271 782 343
420 710 267 781 338
421 708 269 781 336
422 710 262 778 334
423 708 260 778 327
424 707 252 777 322
425 706 248 776 317
426 704 244 774 311
427 705 243 773 310
428 704 239 775 306
429 702 234 773 304
430 700 229 770 296
431 701 223 767 290
432 699 218 764 284
433 701 220 762 284
434 700 213 763 278
435 698 208 758 272
436 697 205 757 265
437 693 197 757 261
438 694 191 754 257
439 695 194 754 255
440 695 188 756 250
441 691 184 751 245
442 690 180 752 238
443 691 175 745 235
444 690 171 745 229
445 689 171 747 231
446 688 167 743 226
447 688 163 744 224
448 686 160 739 221
449 687 157 742 214
450 686 155 736 212
451 683 155 736 214
452 683 151 737 210
453 684 148 740 205
454 683 147 735 207
455 681 144 737 202
456 680 142 737 199
457 680 142 734 202
458 680 141 739 197
459 680 139 731 197
460 679 139 731 194
461 678 137 730 193
462 678 137 725 190
463 677 136 726 192
464 675 138 724 191
465 676 141 733 182
466 676 139 725 189
467 676 141 723 194
468 675 144 721 196
469 675 143 720 196
470 674 147 720 197
471 674 150 717 200
472 674 156 719 205
473 672 160 714 208
474 672 166 715 214
475 670 165 711 216
476 670 171 712 222
477 670 178 714 230
478 669 187 713 232
479 669 194 711 240
480 667 199 711 248
481 668 199 710 247
482 666 207 709 254
483 667 215 711 259
484 669 222 709 268
485 666 227 711 275
486 665 233 708 282
487 661 234 712 285
488 663 242 707 291
489 659 248 704 298
490 661 255 706 307
491 660 265 703 310
492 660 272 702 321
493 660 272 703 317
494 660 280 702 328
495 657 290 701 334
496 659 300 701 345
497 658 308 702 353
498 656 318 701 361
499 657 319 701 362
500 656 326 700 370
501 654 335 699 382
502 652 346 696 390
503 653 355 694 402
504 652 367 694 411
505 653 369 696 411
506 651 370 696 416
507 652 370 694 414
508 651 372 694 414
509 649 372 697 415
510 650 370 691 415
511 647 371 691 415
512 649 371 692 415
513 647 369 690 415
514 648 369 690 414
515 648 371 692 415
516 649 371 691 416
517 648 373 691 413
518 649 373 690 414
519 648 372 688 413
520 652 372 689 412
521 649 375 689 414
522 648 375 686 412
523 649 375 686 413
524 648 374 687 412
525 647 375 688 414
526 648 373 687 413
527 646 374 684 412
528 646 373 685 412
529 648 374 687 413
530 648 375 685 411
531 648 373 687 413
532 644 374 686 411
533 647 375 686 413
534 645 373 687 412
535 647 373 686 412
536 645 373 688 412
537 645 374 688 413
538 646 375 687 413
539 646 374 686 412
540 645 374 687 413
541 647 373 687 413
542 645 373 686 413
543 644 374 685 414
544 646 374 686 413
545 646 374 686 413
546 646 374 686 413
547 646 374 686 413
548 646 374 686 413
549 646 374 686 413
550 646 374 686 413
551 646 374 686 413
552 646 374 686 413
553 646 374 686 413
554 646 374 686 413
555 646 374 686 413
556 646 374 686 413
557 646 374 686 413
558 646 374 686 413
559 646 374 686 413
560 646 374 686 413
561 646 374 686 413
562 646 374 686 413
563 646 374 686 413
564 646 374 686 413
565 646 374 686 413
566 646 374 686 413
567 646 374 686 413
568 646 374 686 413
569 646 374 686 413
570 646 374 686 413
571 646 374 686 413
572 646 374 686 413