577 -1 -1 -1 -1
0 479 539 625 645
1 479 536 624 642
2 479 535 623 639
3 479 531 623 639
4 479 531 622 636
5 480 528 623 638
6 483 526 625 632
7 487 523 627 630
8 489 521 629 625
9 490 518 627 621
10 491 513 630 618
11 491 513 629 617
12 493 508 632 612
13 499 506 636 610
14 501 504 638 606
15 500 501 640 605
16 501 495 640 601
17 502 499 639 600
18 506 493 643 600
19 507 492 645 593
20 509 487 647 590
21 511 487 646 588
22 513 483 645 586
23 513 485 647 586
24 516 481 652 580
25 519 476 653 582
26 522 475 656 575
27 522 475 656 576
28 523 471 657 572
29 522 471 657 573
30 524 469 657 568
31 525 465 661 570
32 529 464 663 567
33 529 463 663 566
34 529 463 663 564
35 530 464 664 564
36 531 460 665 564
37 532 461 668 562
38 532 456 668 564
39 534 459 671 561
40 534 457 669 560
41 532 456 670 562
42 530 456 670 560
43 532 455 671 564
44 535 454 673 560
45 535 452 674 560
46 538 454 676 561
47 536 452 677 559
48 538 452 678 559
49 537 449 680 557
50 538 449 680 558
51 539 446 682 558
52 541 448 687 555
53 541 444 687 557
54 544 444 688 556
55 546 441 691 557
56 544 440 692 555
57 545 440 693 553
58 545 439 696 553
59 546 438 696 552
60 549 436 697 551
61 551 435 701 550
62 550 435 701 550
63 552 431 702 548
64 550 429 701 550
65 549 431 701 549
66 549 431 700 547
67 551 428 703 545
68 552 426 704 546
69 551 426 706 547
70 552 425 706 545
71 553 425 706 545
72 551 425 706 544
73 550 425 705 543
74 548 424 705 544
75 549 422 704 544
76 548 420 704 543
77 548 419 706 543
78 549 416 706 542
79 548 415 704 541
80 547 414 705 544
81 544 415 704 540
82 544 415 703 542
83 545 416 702 544
84 543 415 703 542
85 540 418 702 543
86 542 417 699 540
87 538 419 702 543
88 536 417 700 545
89 537 421 700 542
90 532 420 701 544
91 532 423 698 547
92 529 422 695 547
93 525 426 690 548
94 525 426 688 552
95 524 428 689 547
96 525 427 686 555
97 521 431 683 559
98 518 434 684 558
99 516 436 684 561
100 512 437 680 566
101 512 436 679 566
102 509 437 677 569
103 508 443 673 574
104 503 444 673 577
105 499 449 671 580
106 498 451 666 583
107 497 451 666 583
108 493 455 663 585
109 487 458 662 584
110 483 461 656 593
111 482 464 655 596
112 475 464 650 597
113 473 467 651 602
114 469 470 649 604
115 465 473 645 604
116 458 476 639 609
117 449 480 634 612
118 447 483 624 620
119 447 484 626 621
120 441 488 620 628
121 431 489 614 630
122 423 494 611 635
123 414 499 604 644
124 405 503 597 650
125 405 503 597 654
126 398 506 590 660
127 387 511 582 664
128 378 516 574 668
129 367 523 569 676
130 357 527 557 687
131 356 527 559 685
132 342 529 549 693
133 334 535 543 691
134 321 539 532 699
135 310 546 524 710
136 299 550 516 720
137 300 551 515 720
138 287 556 506 720
139 275 563 498 720
140 263 568 490 720
141 253 576 481 720
142 241 580 479 720
143 241 581 477 720
144 234 586 470 720
145 223 593 463 720
146 215 601 458 720
147 206 607 452 720
148 196 612 447 720
149 199 613 448 720
150 189 621 439 720
151 199 628 432 720
152 197 633 420 720
153 187 638 405 720
154 180 645 382 720
155 181 644 389 717
156 174 650 368 720
157 177 657 349 720
158 178 665 322 719
159 156 675 299 720
160 136 678 281 720
161 138 682 278 720
162 109 687 252 719
163 88 697 225 719
164 71 705 194 720
237 803 327 884 390
238 802 325 884 392
239 804 326 883 393
240 803 326 883 393
241 803 326 885 392
242 804 326 885 395
243 806 326 885 393
244 806 327 884 396
245 806 328 885 396
246 806 328 886 393
247 806 327 886 397
248 807 329 886 397
249 806 329 886 397
250 807 331 887 398
251 809 329 887 397
252 808 331 886 397
253 807 330 887 401
254 809 332 885 401
255 810 334 885 401
256 809 334 887 405
257 813 335 887 402
258 807 336 886 405
259 806 336 887 407
260 807 337 886 407
261 810 340 887 408
262 809 340 887 409
263 808 339 888 410
264 810 338 888 409
265 811 340 890 409
266 813 340 890 410
267 813 340 890 408
268 811 341 892 410
269 812 341 890 408
270 813 341 890 411
271 814 341 891 409
272 815 340 892 409
273 814 341 892 410
274 813 343 893 410
275 816 343 893 409
276 815 343 893 411
277 815 345 893 413
278 815 345 893 414
279 816 346 893 414
280 815 347 896 414
281 816 347 895 416
282 817 348 896 415
283 817 349 895 415
284 818 350 896 417
285 818 351 896 418
286 817 352 897 419
287 819 352 897 418
288 819 354 896 419
289 820 356 899 420
290 819 356 898 422
291 821 355 898 421
292 819 356 899 421
293 819 356 898 421
294 820 355 898 421
295 820 354 896 421
296 821 355 899 421
297 819 353 899 419
298 821 351 899 417
299 822 352 898 417
300 821 349 900 415
301 822 347 899 413
302 822 346 900 412
303 821 342 899 412
304 822 339 900 407
305 822 340 900 407
306 822 337 899 405
307 822 334 898 403
308 823 331 897 400
309 821 327 900 398
310 823 324 900 394
311 822 325 899 395
312 822 324 900 392
313 822 320 899 391
314 823 319 900 389
315 821 317 900 387
316 822 313 899 385
317 822 315 899 386
318 824 313 901 384
319 824 310 901 383
320 825 310 901 384
321 823 308 900 380
322 825 309 900 381
323 827 308 899 381
324 826 309 901 381
325 824 308 899 378
326 823 306 898 378
327 822 307 897 376
328 822 305 897 377
329 821 306 896 378
330 827 307 898 377
331 823 307 897 377
332 825 307 898 378
333 821 305 897 378
334 821 308 896 378
335 821 306 896 378
336 828 308 896 377
337 830 309 895 377
338 821 307 895 377
339 821 308 894 377
340 820 308 895 377
341 821 308 894 377
342 824 309 893 378
343 824 310 892 378
344 822 308 894 377
345 820 308 893 376
346 819 309 892 377
347 819 308 892 376
348 823 308 892 377
349 819 309 892 378
350 820 310 892 376
351 819 309 891 378
352 817 309 890 376
353 819 308 891 377
354 820 308 890 377
355 816 308 890 374
356 818 308 887 374
357 817 307 887 373
358 816 306 887 371
359 816 306 886 371
360 818 305 889 372
361 818 303 889 369
362 817 301 887 368
363 816 299 887 368
364 814 296 887 364
365 818 295 886 365
366 815 296 887 363
367 816 292 885 359
368 813 294 885 359
369 811 290 883 355
370 812 289 884 355
371 812 289 884 358
372 816 288 882 353
373 817 286 882 355
374 816 286 882 354
375 811 287 879 353
376 811 283 881 348
377 810 286 881 349
378 810 285 880 348
379 814 283 880 346
380 815 282 879 346
381 815 283 878 344
382 811 282 879 344
383 811 280 879 342
384 811 277 877 342
385 810 278 878 340
386 811 277 876 338
387 811 273 877 336
388 807 273 877 332
389 806 273 874 332
390 807 268 876 331
391 807 266 872 330
392 807 266 873 327
393 808 262 874 326
394 808 260 872 321
395 809 262 872 321
396 806 264 870 319
397 807 263 870 317
398 805 261 871 318
399 807 263 869 314
400 806 260 869 316
401 805 255 870 312
402 801 250 869 309
403 803 251 866 307
404 801 251 868 306
405 800 246 867 304
406 796 239 868 302
407 799 241 864 302
408 801 240 866 303
409 798 240 865 298
410 798 238 865 293
411 798 234 863 291
412 798 230 863 293
413 798 232 862 294
414 795 232 863 292
415 797 226 861 288
416 798 225 860 288
417 795 225 860 284
418 796 221 859 286
419 796 222 861 286
420 794 223 856 283
421 795 220 857 283
422 796 220 856 282
423 794 217 854 280
424 791 217 854 278
425 793 217 853 278
426 792 218 853 275
427 791 219 850 277
428 792 217 849 277
429 792 217 848 278
430 791 214 849 274
431 788 215 847 275
432 788 216 849 273
433 788 213 847 271
434 787 215 847 272
435 786 209 850 272
436 785 207 851 270
437 784 209 852 273
438 785 208 846 271
439 783 212 844 274
440 780 209 841 269
441 781 208 841 271
442 780 209 837 271
443 782 209 838 272
444 778 211 837 270
445 782 209 836 272
446 779 210 839 270
447 778 212 834 269
448 775 215 830 274
449 776 214 834 271
450 772 217 830 274
451 775 219 831 275
452 770 223 828 277
453 771 223 827 279
454 769 228 825 283
455 768 229 826 280
456 768 234 824 285
457 766 236 820 288
458 764 239 818 289
459 765 247 815 294
460 762 251 814 299
461 762 249 815 298
462 761 252 812 302
463 758 257 811 307
464 759 261 809 312
465 753 266 807 318
466 754 270 805 322
467 754 272 806 323
468 756 267 808 317
469 756 260 808 312
470 760 252 810 304
471 763 246 814 299
472 764 239 816 293
473 764 242 815 293
474 768 236 818 286
475 768 232 821 282
476 771 226 823 279
477 773 223 824 275
478 775 222 829 274
479 776 222 827 274
480 778 224 830 274
481 779 223 830 274
482 783 226 834 275
483 784 226 836 277
484 787 227 838 276
485 788 227 838 277
486 788 228 840 278
487 793 228 843 281
488 792 229 844 280
489 795 229 845 280
490 798 233 848 280
491 797 231 847 283
492 799 233 849 281
493 800 233 851 283
494 803 235 854 283
495 806 235 854 284
496 805 236 858 286
497 807 236 858 285
498 809 235 863 287
499 808 238 862 288
500 811 239 864 288
501 811 237 864 288
502 813 238 868 291
503 814 238 867 290
504 816 239 868 291
505 818 239 867 289
506 819 241 871 289
507 821 240 872 292
508 823 242 874 293
509 823 242 874 290
510 824 243 877 293
511 825 244 876 296
512 826 244 877 296
513 830 245 880 293
514 830 246 879 296
515 830 246 881 294
516 831 247 883 297
517 831 247 884 298
518 833 247 885 297
519 834 250 885 299
520 836 252 889 300
521 835 252 888 298
522 838 255 890 300
523 840 253 891 300
524 842 252 892 301
525 844 254 894 301
526 842 256 892 303
527 843 255 892 302
528 845 256 892 302
529 847 256 894 303
530 849 257 896 301
531 848 255 896 306
532 849 256 898 303
533 849 258 898 304
534 850 255 898 303
535 850 256 901 304
536 849 255 900 306
537 852 256 905 305
538 853 257 903 306
539 853 256 902 308
540 854 258 902 307
541 852 256 904 307
542 855 255 906 309
543 855 256 906 308
544 856 256 907 307
545 855 258 905 307
546 855 256 908 308
547 856 258 909 310
548 857 258 909 310
549 856 259 910 311
550 855 261 910 312
551 858 261 911 312
552 856 259 907 312
553 858 261 910 311
554 857 260 910 313
555 858 258 911 311
556 858 259 911 312
557 859 258 911 312
558 858 259 913 312
559 859 261 912 313
560 859 261 912 313
561 859 261 912 313
562 859 261 912 313
563 859 261 912 313
564 859 261 912 313
565 859 261 912 313
566 859 261 912 313
567 859 261 912 313
568 859 261 912 313
569 859 261 912 313
570 859 261 912 313
571 859 261 912 313
572 859 261 912 313
573 859 261 912 313
574 859 261 912 313
575 859 261 912 313
576 859 261 912 313