530 -1 -1 -1 -1
30 266 655 549 720
31 269 658 552 720
32 244 619 555 720
33 177 568 553 720
34 117 528 690 718
35 83 479 760 720
36 34 444 809 720
37 39 441 798 720
38 39 405 806 720
39 43 369 817 719
40 54 332 821 720
41 58 304 823 720
42 64 274 827 717
43 62 277 825 720
44 73 243 830 720
45 78 218 836 720
46 84 190 834 720
47 94 166 839 720
48 101 143 842 688
49 103 145 844 690
50 111 123 848 668
51 123 114 852 656
52 125 104 854 646
53 139 98 861 639
54 151 90 870 628
55 150 93 872 630
56 156 93 876 627
57 165 87 878 615
58 173 83 882 612
59 181 79 890 606
60 191 78 895 594
61 192 77 892 600
62 198 78 893 588
63 199 75 892 590
64 204 78 895 582
65 213 78 897 583
66 220 80 900 587
67 220 81 898 586
68 231 83 901 585
69 231 86 906 584
70 239 88 906 590
71 247 93 906 585
72 248 98 908 586
73 247 97 908 585
74 254 102 909 589
75 260 101 908 584
76 266 100 911 582
77 274 103 914 585
78 281 104 917 582
79 279 104 918 584
80 284 108 920 580
81 287 110 920 580
82 293 111 921 579
83 293 114 921 581
84 299 121 920 580
85 296 121 920 582
86 301 126 917 586
87 302 134 915 583
88 302 134 913 586
89 303 132 913 585
90 302 136 909 585
91 303 137 908 587
92 307 141 906 587
93 304 146 901 590
94 303 153 896 593
95 300 161 891 596
96 301 164 884 596
97 301 162 888 598
98 299 166 882 596
99 301 169 877 600
100 301 177 872 601
101 299 183 866 607
102 302 192 864 605
103 304 189 864 601
104 307 193 861 603
105 310 201 854 606
106 313 207 852 605
107 319 213 851 610
108 328 223 852 616
109 325 224 850 617
110 330 230 848 616
111 340 240 848 617
112 345 247 847 618
113 352 254 849 623
114 359 263 845 625
115 360 263 848 627
116 363 272 843 628
117 366 281 840 639
118 370 293 836 638
119 375 298 839 649
120 383 308 832 644
121 382 306 834 647
122 386 314 837 648
123 393 316 834 646
124 400 322 829 646
125 404 326 831 650
126 410 332 830 646
127 406 333 831 640
128 413 336 825 645
129 417 343 826 646
130 418 345 822 645
131 426 350 821 648
132 425 356 815 647
133 427 354 817 646
134 428 360 815 646
135 432 363 811 651
136 431 369 806 646
137 435 369 805 645
138 438 373 802 646
139 440 372 802 648
140 441 374 800 649
141 444 381 798 650
142 444 385 796 650
143 450 387 795 653
144 455 393 792 647
145 455 390 792 647
146 459 393 791 641
147 460 397 792 648
148 463 402 786 645
149 464 407 784 645
150 466 410 783 651
151 464 408 784 647
152 470 414 782 650
153 472 417 779 652
154 475 424 776 650
155 477 427 773 650
156 479 432 771 653
157 477 431 771 656
158 480 435 768 655
159 486 439 769 653
160 487 443 766 655
161 489 443 764 653
162 490 445 764 652
163 490 445 764 652
164 493 448 761 655
165 494 452 761 651
166 497 451 760 649
167 498 453 755 650
168 499 456 754 647
169 499 455 754 647
170 502 455 754 645
171 504 456 752 646
172 505 459 749 644
173 507 460 747 642
174 507 461 747 640
175 508 461 747 642
176 509 462 745 641
177 506 463 743 638
178 510 463 743 634
179 512 462 741 635
180 514 460 740 628
181 513 458 739 631
182 514 459 738 629
183 514 459 736 625
184 516 459 736 624
185 515 456 735 623
186 520 459 734 618
187 518 457 732 618
188 521 455 732 617
189 521 457 732 617
190 521 455 730 614
191 521 452 730 614
192 522 455 727 615
193 523 451 728 613
194 523 454 728 613
195 524 454 725 613
196 525 454 726 613
197 525 456 725 607
198 524 458 723 610
199 524 457 724 608
200 525 456 721 609
201 525 459 722 611
202 521 461 720 610
203 523 460 719 611
204 524 464 718 615
205 521 464 719 616
206 522 466 717 618
207 518 467 714 620
208 518 470 715 619
209 515 471 715 623
210 514 473 715 627
211 515 477 712 630
212 513 481 714 632
213 511 483 714 634
214 510 485 709 638
215 508 488 710 649
216 510 493 710 648
217 510 494 712 649
218 508 495 711 650
219 506 499 710 656
220 504 502 707 656
221 506 504 706 657
222 501 507 705 663
223 500 507 706 663
224 498 509 704 667
225 500 512 706 668
226 499 513 706 670
227 497 514 706 674
228 496 517 703 676
229 495 517 704 674
230 495 517 704 678
231 491 520 704 673
232 494 525 706 672
233 493 528 701 688
234 490 531 705 694
235 488 532 704 695
236 491 536 701 698
237 489 539 701 698
238 490 543 704 704
239 490 546 706 708
240 488 550 701 718
241 485 551 706 720
242 488 554 702 720
243 487 559 706 720
244 485 562 704 720
245 483 569 706 720
246 487 572 706 720
247 485 573 702 720
248 485 582 701 720
249 483 582 703 720
250 481 587 702 720
251 481 594 701 720
252 480 605 700 720
253 480 603 701 720
254 479 609 699 720
255 479 616 702 720
256 477 624 696 720
257 478 631 698 720
258 477 640 694 720
259 478 641 695 720
260 484 648 684 720
261 500 654 671 720
262 490 663 676 720
263 562 669 607 720
264 562 677 601 720
265 564 678 600 720
266 559 688 596 720
267 562 700 600 720
268 561 708 590 720
353 635 481 676 522
354 629 485 673 526
355 629 484 673 523
356 625 485 668 526
357 619 489 663 528
358 616 489 661 531
359 611 489 657 531
360 607 489 651 532
361 607 491 654 531
362 603 491 649 536
363 599 492 645 536
364 595 493 642 536
365 594 494 641 537
366 593 494 640 540
367 593 495 638 540
368 589 495 638 540
369 587 496 636 540
370 585 497 633 541
371 582 496 632 540
372 582 496 630 543
373 582 496 630 541
374 580 497 630 544
375 577 497 628 542
376 576 497 626 545
377 574 498 623 546
378 574 499 622 545
379 573 500 621 545
380 573 500 623 547
381 573 500 622 548
382 569 502 621 550
383 569 502 620 550
384 568 502 618 552
385 567 502 618 549
386 565 504 614 550
387 561 504 613 552
388 562 505 610 553
389 560 505 611 555
390 559 506 609 554
391 558 505 608 555
392 557 507 605 556
393 553 506 602 556
394 554 506 600 555
395 552 506 602 554
396 549 511 593 554
397 551 511 593 553
398 548 511 601 556
399 544 512 600 551
400 544 509 596 552
401 542 512 595 553
402 539 514 593 554
403 539 514 593 554
404 541 514 593 556
405 535 516 590 556
406 536 517 588 554
407 534 508 584 555
408 531 511 585 555
409 533 508 586 556
410 529 511 582 550
411 529 510 580 550
412 526 511 584 549
413 524 502 581 551
414 525 504 575 547
415 524 502 575 549
416 531 507 572 550
417 527 506 572 555
418 523 508 568 553
419 518 505 567 554
420 513 504 564 551
421 513 504 564 548
422 511 503 563 551
423 511 504 561 551
424 514 505 559 549
425 515 504 558 546
426 514 502 556 548
427 513 501 554 548
428 510 505 554 547
429 511 503 549 550
430 504 500 549 549
431 500 506 538 548
432 500 506 543 547
433 497 505 543 550
434 493 507 531 550
435 489 502 539 545
436 486 502 538 547
437 485 502 537 545
438 483 501 534 546
439 485 502 534 547
440 480 501 530 546
441 480 501 529 545
442 479 504 527 545
443 476 503 524 544
444 475 508 515 545
445 474 507 519 547
446 471 508 513 547
447 470 508 517 545
448 468 505 515 543
449 473 504 511 544
450 465 503 510 545
451 471 503 510 544
452 463 501 507 546
453 461 504 504 544
454 459 503 501 543
455 454 502 497 543
456 453 502 494 542
457 455 503 493 543
458 437 501 490 540
459 440 503 486 542
460 437 510 482 541
461 433 506 477 539
462 430 504 474 538
463 430 502 474 538
464 426 497 472 538
465 424 503 467 537
466 421 502 460 536
467 419 502 452 534
468 415 499 459 535
469 414 502 459 533
470 411 496 456 531
471 416 491 454 529
472 415 493 452 527
473 409 493 447 530
474 406 492 444 526
475 405 492 444 527
476 400 490 439 526
477 395 490 436 526
478 391 488 433 523
479 386 486 429 522
480 382 483 425 519
481 383 483 427 520
482 379 481 421 517
483 375 480 418 514
484 370 478 414 512
485 368 477 410 510
486 364 477 406 512
487 363 476 405 510
488 360 474 403 509
489 357 474 398 506
490 351 472 394 504
491 348 471 393 503
492 344 469 385 502
493 346 469 386 503
494 344 465 382 499
495 340 465 380 498
496 338 461 378 496
497 333 461 375 493
498 330 458 374 492
499 331 458 373 492
500 327 455 368 489
501 325 456 366 488
502 323 454 362 486
503 320 453 358 484
504 318 449 353 479
505 320 451 354 480
506 319 448 351 481
507 312 446 348 478
508 308 443 344 476
509 312 443 342 471
510 315 439 339 470
511 313 439 338 469
512 315 440 335 466
513 313 439 332 469
514 311 442 330 461
515 310 441 328 460
516 318 441 335 462
517 315 442 335 463
518 320 444 336 463
519 300 443 339 469
520 297 445 342 470
521 303 445 342 472
522 302 445 345 475
523 309 445 344 477
524 307 448 349 474
525 323 445 353 474
526 325 450 354 477
527 327 441 355 476
528 330 447 358 478
529 328 443 358 477
