683 -1 -1 -1 -1
0 513 514 715 658
1 513 513 713 658
2 513 513 713 658
3 513 513 711 658
4 514 517 715 658
5 514 514 715 658
6 514 512 713 658
7 513 514 714 658
8 513 515 715 658
9 513 515 715 658
10 513 512 713 658
11 513 513 714 658
12 513 512 711 658
13 513 515 711 658
14 513 513 716 658
15 513 512 715 658
16 513 513 714 658
17 513 512 715 658
18 514 516 714 658
19 514 513 714 658
20 514 514 714 658
21 513 513 714 658
22 513 513 715 658
23 513 514 716 658
24 513 515 715 658
25 514 514 713 658
26 514 513 715 658
27 514 513 714 659
28 513 513 715 658
29 513 512 715 658
30 513 511 715 658
31 513 517 716 658
32 513 515 716 658
33 513 514 714 658
34 513 516 713 658
35 513 514 715 658
36 513 512 715 658
37 513 515 714 658
38 513 512 714 658
39 513 511 716 658
40 513 514 713 658
41 513 513 715 658
42 513 512 711 658
43 514 512 713 658
44 514 514 713 658
45 514 513 715 658
46 513 515 712 658
47 513 512 713 658
48 513 512 715 658
49 513 515 713 658
50 513 514 715 658
51 514 514 712 657
52 514 512 716 657
53 514 513 714 657
54 514 513 715 658
55 514 514 715 658
56 514 514 715 658
57 514 513 714 658
58 515 512 717 658
59 516 512 718 658
60 517 512 716 657
61 517 514 718 657
62 517 515 717 657
63 517 514 718 657
64 517 513 718 657
65 518 518 718 657
66 518 514 718 657
67 518 513 719 657
68 519 512 720 657
69 519 516 718 657
70 519 516 718 657
71 519 515 718 658
72 519 516 716 658
73 519 512 720 658
74 519 516 718 658
75 519 514 721 658
76 518 515 719 658
77 518 515 720 658
78 518 516 722 658
79 518 514 719 658
80 518 512 721 658
81 518 517 719 658
82 518 518 720 657
83 518 517 720 657
84 518 514 719 657
85 518 514 719 657
86 519 514 719 657
87 519 514 718 657
88 519 514 718 656
89 519 514 715 656
90 519 513 717 656
91 518 514 716 656
92 517 513 715 656
93 515 511 715 655
94 513 508 715 653
95 511 511 713 651
96 510 507 710 650
97 510 507 711 649
98 511 508 711 651
99 512 510 712 649
100 513 506 708 647
101 514 507 710 647
102 515 504 711 647
103 516 507 710 646
104 517 507 711 646
105 517 507 711 647
106 518 507 711 648
107 519 510 712 649
108 519 508 715 650
109 519 507 714 650
110 520 507 715 650
111 521 507 718 650
112 523 508 720 650
113 527 512 725 651
114 531 510 724 651
115 534 510 730 652
116 539 510 734 652
117 549 512 741 654
118 554 512 749 653
119 560 517 756 655
120 561 515 757 654
121 567 515 765 655
122 573 519 770 657
123 584 521 777 660
124 592 517 787 662
125 601 520 792 664
126 601 517 791 664
127 607 520 797 665
128 612 521 801 665
129 616 518 808 662
130 620 515 814 657
131 627 510 816 652
132 626 510 817 649
133 624 506 815 646
134 621 502 812 643
135 619 497 811 641
136 620 491 807 630
137 618 482 805 621
138 621 481 806 622
139 619 477 802 617
140 612 472 799 610
141 609 460 794 605
142 605 461 792 595
143 605 453 788 589
144 606 454 787 589
145 604 445 787 582
146 606 440 787 578
147 602 432 784 571
148 600 427 782 565
149 597 421 777 563
150 596 426 777 563
151 593 418 775 555
152 595 412 775 557
153 594 412 775 551
154 595 406 775 542
155 594 398 773 535
156 593 399 773 537
157 592 396 771 537
158 587 391 769 529
159 586 388 769 526
160 589 385 768 521
161 587 380 771 519
162 589 374 769 521
163 588 377 768 520
164 583 376 764 514
165 582 373 765 512
166 583 371 763 505
167 584 367 763 507
168 582 364 762 509
169 581 361 763 507
170 579 362 761 504
171 575 360 759 502
172 574 358 759 500
173 574 356 762 501
174 574 356 765 499
175 578 355 763 502
176 577 352 766 497
177 575 354 764 497
178 571 350 762 500
179 569 350 763 499
180 570 351 764 499
181 570 348 767 498
182 574 349 769 495
183 574 346 774 499
184 576 343 777 499
185 575 345 777 504
186 576 344 778 502
187 575 345 778 499
188 576 345 778 500
189 578 345 783 500
190 581 346 785 499
191 586 348 790 502
192 587 349 791 500
193 590 355 796 507
194 590 357 796 511
195 592 363 798 518
196 596 363 802 519
197 598 363 806 526
198 603 369 805 523
199 603 373 808 528
200 604 378 811 534
201 603 383 811 539
202 608 387 813 541
203 611 390 818 548
204 612 389 817 548
205 616 394 821 553
206 617 399 823 558
207 616 401 825 561
208 619 407 825 568
209 623 411 828 569
210 622 412 825 574
211 624 413 832 571
212 627 421 833 577
213 626 424 836 583
214 627 426 839 588
215 633 430 843 589
216 633 431 843 592
217 632 435 849 592
218 639 440 854 599
219 647 443 857 607
220 649 448 863 611
221 660 453 868 619
222 656 456 868 619
223 656 459 876 625
224 652 464 879 629
225 659 468 887 636
226 673 471 896 644
227 678 477 901 649
228 682 478 901 650
229 684 483 911 655
230 688 488 925 661
231 696 495 931 671
232 706 501 938 678
233 712 504 947 681
234 712 507 950 682
235 719 511 959 688
236 727 521 965 700
237 735 523 983 712
238 741 532 992 720
239 749 537 999 720
240 747 538 1000 720
241 756 545 1012 720
242 765 550 1024 720
243 773 564 1039 720
244 784 570 1051 720
245 791 579 1068 720
246 787 575 1068 720
247 807 588 1088 720
248 818 592 1094 720
249 831 608 1109 719
250 841 616 1123 720
251 858 626 1140 720
252 860 632 1140 720
253 886 637 1139 720
254 927 641 1148 720
255 959 670 1146 720
334 306 351 381 413
335 307 350 380 416
336 307 352 379 415
337 306 351 379 414
338 305 349 379 415
339 304 348 377 412
340 300 347 377 412
341 301 345 376 412
342 302 346 377 409
343 302 344 375 411
344 301 344 375 409
345 301 342 376 407
346 301 341 373 406
347 300 339 371 406
348 301 339 371 403
349 300 338 373 402
350 298 336 373 401
351 298 334 372 398
352 299 331 370 397
353 299 328 369 395
354 296 330 368 395
355 296 326 369 393
356 296 323 369 390
357 297 321 368 388
358 295 319 368 383
359 295 316 368 383
360 293 317 367 381
361 294 316 366 380
362 293 314 365 379
363 292 312 366 378
364 293 312 366 376
365 292 310 364 377
366 294 311 363 376
367 292 310 363 375
368 292 308 363 372
369 291 307 361 371
370 293 305 362 368
371 291 303 360 367
372 291 303 362 369
373 291 302 361 367
374 289 302 360 365
375 289 301 359 364
376 289 299 361 364
377 290 295 360 362
378 286 299 358 363
379 290 297 359 360
380 287 296 360 359
381 288 294 358 358
382 288 293 358 359
383 288 294 358 355
384 288 293 357 355
385 288 291 357 357
386 286 289 358 355
387 287 289 354 351
388 285 287 354 349
389 284 284 356 348
390 286 283 355 346
391 284 284 355 345
392 285 280 353 343
393 285 278 352 340
394 282 276 352 337
395 283 274 353 336
396 284 273 354 336
397 283 270 352 335
398 283 267 350 331
399 282 266 348 331
400 280 264 352 328
401 281 262 351 327
402 282 264 350 327
403 282 260 349 326
404 281 261 349 324
405 280 258 345 321
406 281 257 347 322
407 281 257 347 320
408 279 258 347 321
409 278 256 348 318
410 280 254 348 317
411 279 253 343 317
412 278 255 344 317
413 277 254 346 317
414 278 252 348 318
415 278 253 346 316
416 276 252 345 316
417 276 251 346 314
418 279 247 346 315
419 277 248 346 313
420 278 248 346 312
421 277 247 344 312
422 277 249 346 312
423 278 246 345 309
424 279 247 344 312
425 278 252 347 310
426 277 250 347 312
427 278 255 348 311
428 280 255 344 311
429 277 255 346 311
430 279 258 345 311
431 278 254 345 313
432 279 256 345 312
433 279 260 345 309
434 278 261 346 310
435 279 258 343 308
436 280 254 344 306
437 282 256 344 306
438 281 254 345 306
439 283 256 344 306
440 282 257 345 305
441 284 257 345 302
442 283 256 344 302
443 286 257 347 302
444 286 255 345 301
445 289 254 349 301
446 290 256 350 302
447 291 255 349 299
448 294 255 352 301
449 294 246 352 301
450 294 244 354 300
451 294 240 354 301
452 297 241 359 299
453 298 242 360 298
454 302 243 363 302
455 304 244 364 303
456 304 243 366 304
457 306 244 366 304
458 307 244 368 305
459 308 246 370 305
460 307 247 372 305
461 310 251 373 307
462 311 249 376 306
463 310 250 375 306
464 314 253 373 310
465 316 255 373 311
466 318 257 371 311
467 320 258 374 316
468 320 258 373 315
469 321 262 374 317
470 324 265 376 319
471 324 267 377 321
472 327 272 381 325
473 329 275 380 329
474 330 275 381 329
475 330 282 383 333
476 334 289 385 340
477 333 293 386 346
478 336 303 390 352
479 337 312 388 360
480 339 311 388 363
481 342 321 389 369
482 341 330 392 380
483 345 341 396 387
484 346 350 396 397
485 350 361 396 407
486 347 362 398 407
487 349 370 398 421
488 350 382 403 431
489 356 382 406 429
490 361 378 412 426
491 369 378 413 423
492 367 373 419 426
493 375 373 423 421
494 382 374 429 421
495 387 374 433 423
496 390 376 435 424
497 396 379 441 424
498 396 384 441 425
499 400 382 445 429
500 406 385 451 431
501 410 388 454 434
502 414 392 460 436
503 417 395 467 437
504 415 394 464 438
505 422 394 469 442
506 427 396 474 446
507 434 401 480 448
508 437 402 484 451
509 440 405 487 455
510 440 404 487 454
511 445 409 492 455
512 448 412 494 461
513 450 415 501 462
514 454 416 505 465
515 459 420 508 466
516 461 421 509 469
517 466 421 512 469
518 470 426 515 474
519 473 429 520 474
520 479 430 525 478
521 482 432 529 480
522 481 431 529 480
523 484 435 533 483
524 488 437 537 486
525 493 441 541 487
526 496 442 545 491
527 500 444 550 494
528 501 446 549 493
529 505 449 554 497
530 509 450 557 497
531 511 454 562 501
532 516 457 564 503
533 520 458 568 506
534 520 459 569 506
535 525 460 574 509
536 528 463 577 510
537 530 467 582 511
538 536 468 584 517
539 541 470 587 519
540 539 470 587 519
541 542 474 592 522
542 546 476 597 522
543 551 477 599 526
544 554 478 603 530
545 558 483 608 531
546 560 484 606 531
547 563 486 611 532
548 566 486 615 536
549 572 489 616 537
550 574 492 620 539
551 576 495 627 543
552 579 498 625 541
553 582 501 629 545
554 585 503 631 546
555 588 499 636 550
556 592 503 638 551
557 597 506 642 554
558 597 506 644 553
559 600 507 647 556
560 603 510 651 558
561 606 512 657 562
562 609 515 656 564
563 613 519 660 567
564 614 516 659 566
565 615 518 659 567
566 615 517 663 562
567 617 517 662 562
568 618 515 665 562
569 619 513 665 559
570 619 512 667 560
571 623 511 667 558
572 623 511 670 557
573 624 512 671 556
574 626 510 672 556
575 627 507 673 555
576 627 510 673 556
577 627 508 674 555
578 631 508 677 555
579 630 508 677 555
580 630 507 679 555
581 632 505 680 553
582 632 504 679 552
583 635 504 681 552
584 636 504 682 550
585 636 503 684 550
586 637 504 685 550
587 637 502 686 549
588 638 503 686 550
589 640 502 688 549
590 639 501 688 548
591 640 503 690 550
592 644 503 690 550
593 644 500 691 549
594 644 502 691 549
595 644 500 693 549
596 646 501 693 547
597 645 502 693 547
598 647 502 693 546
599 648 501 694 548
600 647 499 694 547
601 649 500 695 546
602 649 501 697 548
603 651 500 698 547
604 650 500 699 548
605 651 499 700 546
606 652 500 698 547
607 654 500 700 546
608 653 500 701 547
609 652 499 700 546
610 653 500 702 545
611 655 498 702 545
612 655 499 703 547
613 656 499 703 546
614 656 499 704 545
615 658 499 702 545
616 660 500 704 545
617 658 499 705 546
618 657 499 706 545
619 659 498 706 545
620 660 496 707 546
621 660 498 707 545
622 662 500 707 545
623 661 499 708 545
624 661 499 707 545
625 662 498 709 544
626 663 497 709 545
627 663 499 710 545
628 664 497 710 544
629 664 499 711 544
630 663 499 710 544
631 664 498 712 544
632 664 498 711 544
633 666 497 714 545
634 666 498 712 545
635 666 499 713 544
636 666 496 712 545
637 664 499 712 546
638 667 500 712 545
639 667 498 715 546
640 666 499 715 545
641 669 499 715 545
642 669 498 714 545
643 669 500 714 545
644 669 499 715 545
645 669 499 716 545
646 670 500 716 545
647 670 500 715 545
648 671 501 716 545
649 670 498 717 546
650 670 501 716 545
651 671 499 716 547
652 670 498 717 545
653 669 499 716 546
654 669 500 717 545
655 669 500 717 545
656 669 500 717 545
657 669 500 717 545
658 669 500 717 545
659 669 500 717 545
660 669 500 717 545
661 669 500 717 545
662 669 500 717 545
663 669 500 717 545
664 669 500 717 545
665 669 500 717 545
666 669 500 717 545
667 669 500 717 545
668 669 500 717 545
669 669 500 717 545
670 669 500 717 545
671 669 500 717 545
672 669 500 717 545
673 669 500 717 545
674 669 500 717 545
675 669 500 717 545
676 669 500 717 545
677 669 500 717 545
678 669 500 717 545
679 669 500 717 545
680 669 500 717 545
681 669 500 717 545
682 669 500 717 545