735 -1 -1 -1 -1
0 458 557 653 700
1 459 558 652 700
2 459 558 652 700
3 460 558 653 700
4 460 559 653 701
5 460 559 653 701
6 460 558 653 700
7 459 558 652 700
8 459 558 652 700
9 459 558 652 700
10 459 558 652 700
11 460 558 653 700
12 460 558 653 700
13 459 559 652 701
14 459 559 652 701
15 459 559 652 701
16 459 559 652 701
17 460 558 653 700
18 460 558 653 700
19 460 557 653 699
20 459 557 652 699
21 459 557 652 699
22 459 557 652 699
23 458 557 651 699
24 458 557 651 699
25 458 557 651 699
26 457 557 650 699
27 456 557 649 699
28 456 557 649 699
29 457 557 650 699
30 459 556 652 698
31 458 556 654 699
32 456 556 656 698
33 458 556 658 700
34 458 557 654 700
35 457 558 651 697
36 459 559 652 701
37 458 559 651 701
38 459 560 652 702
39 458 557 650 703
40 458 559 651 701
41 458 559 651 701
42 458 553 652 702
43 458 557 651 699
44 460 559 653 701
45 460 558 653 700
46 460 557 654 697
47 461 557 656 700
48 463 557 656 699
49 463 557 656 699
50 464 557 657 699
51 467 557 660 699
52 470 557 663 699
53 469 557 661 697
54 470 556 663 698
55 471 555 664 697
56 470 557 663 699
57 471 553 667 703
58 475 550 665 699
59 474 555 667 697
60 475 555 668 697
61 476 554 669 696
62 477 554 670 696
63 476 552 669 694
64 475 551 668 693
65 478 550 671 692
66 478 553 671 695
67 478 553 671 695
68 477 552 670 694
69 479 552 672 694
70 479 551 672 693
71 479 553 672 695
72 480 552 673 694
73 480 551 673 693
74 483 553 676 695
75 482 551 675 693
76 482 552 675 694
77 481 551 674 693
78 482 551 675 693
79 481 549 674 691
80 483 547 671 688
81 481 547 670 688
82 483 543 669 680
83 482 544 669 685
84 480 546 667 687
85 481 545 668 687
86 481 545 668 686
87 481 539 665 686
88 477 537 665 680
89 480 535 664 681
90 479 534 663 681
91 476 540 663 679
92 476 535 660 678
93 476 538 658 677
94 469 534 657 678
95 471 536 656 679
96 468 539 654 679
97 466 540 653 682
98 467 541 649 679
99 464 539 646 678
100 464 537 644 677
101 464 536 645 679
102 463 535 641 676
103 460 534 636 678
104 456 534 635 674
105 452 534 631 676
106 449 534 627 678
107 446 534 628 673
108 444 533 625 675
109 443 533 621 674
110 442 538 619 675
111 442 532 617 675
112 441 534 615 675
113 440 537 616 675
114 438 535 618 668
115 441 528 618 665
116 441 521 616 658
117 448 517 620 655
118 450 521 622 650
119 448 521 622 650
120 456 515 629 643
121 460 509 632 639
122 464 502 634 631
123 465 499 639 626
124 469 497 641 618
125 469 497 641 622
126 476 489 645 614
127 479 485 650 614
128 479 479 651 603
129 482 474 652 603
130 485 468 657 603
131 486 470 655 599
132 490 466 660 593
133 492 459 663 589
134 494 453 663 582
135 495 450 666 578
136 497 446 667 572
137 499 444 666 570
138 503 440 670 564
139 505 438 669 555
140 505 432 672 552
141 506 428 674 550
142 510 425 675 550
143 510 423 675 546
144 514 421 675 547
145 514 415 678 540
146 516 415 677 535
147 516 412 678 529
148 520 408 681 531
149 519 407 682 531
150 522 409 684 528
151 526 402 686 522
152 526 403 687 520
153 529 397 691 519
154 529 397 690 519
155 528 395 693 519
156 530 392 693 519
157 533 393 696 515
158 537 388 695 514
159 540 389 699 511
160 541 385 701 509
161 544 387 701 508
162 546 388 706 503
163 548 387 706 505
164 549 386 708 503
165 549 386 709 503
166 551 385 708 502
167 549 384 709 503
168 551 385 712 501
169 554 383 715 500
170 556 381 715 498
171 558 378 716 495
172 559 378 715 493
173 558 379 716 494
174 562 374 717 495
175 561 378 718 493
176 562 378 719 492
177 561 378 717 492
178 562 373 716 494
179 563 373 719 491
180 562 374 718 493
181 561 374 718 491
182 560 372 717 492
183 560 374 718 494
184 562 373 717 493
185 561 369 718 490
186 562 371 717 493
187 561 374 715 491
188 556 374 715 494
189 558 376 712 495
190 559 369 713 493
191 559 373 711 492
192 558 375 712 493
193 556 377 713 495
194 557 378 711 495
195 555 374 708 496
196 552 380 709 499
197 555 374 709 501
198 554 380 710 497
199 551 377 710 496
200 550 377 709 499
201 549 372 705 498
202 546 379 703 500
203 547 380 703 498
204 544 375 703 498
205 541 382 703 498
206 542 382 701 500
207 540 378 696 500
208 537 378 695 505
209 535 376 694 503
210 532 379 694 503
211 529 384 691 505
212 528 384 687 507
213 522 387 684 506
214 521 384 680 511
215 519 389 680 508
216 518 388 676 512
217 510 386 673 514
218 509 391 671 516
219 503 392 668 518
220 502 394 663 518
221 502 395 665 518
222 500 397 661 520
223 493 398 657 523
224 489 400 655 525
225 488 405 654 525
226 484 402 652 527
227 483 404 651 530
228 479 409 647 534
229 476 413 643 534
230 471 415 639 542
231 467 417 635 545
232 463 419 631 549
233 465 418 630 547
234 461 422 627 553
235 456 426 625 556
236 453 426 620 561
237 448 432 618 562
238 442 435 614 565
239 444 437 615 566
240 438 440 612 567
241 435 442 609 574
242 430 445 607 577
243 423 449 600 580
244 416 451 592 584
245 416 449 594 584
246 410 453 594 590
247 403 450 587 593
248 399 461 581 600
249 391 464 575 606
250 384 469 573 608
251 385 467 574 610
252 378 474 566 613
253 370 477 563 619
254 362 479 557 627
255 354 482 549 630
256 346 485 543 639
257 345 486 540 640
258 335 490 533 647
259 328 497 527 652
260 316 501 523 658
261 309 502 517 663
262 301 510 508 671
263 298 511 509 672
264 288 512 499 679
265 277 517 492 683
266 264 521 484 693
267 257 528 477 698
268 241 535 467 705
269 240 532 467 707
270 230 537 455 712
271 218 544 446 720
272 203 547 437 720
273 191 550 428 720
274 176 559 419 720
275 178 558 418 720
276 163 565 408 720
277 149 575 397 720
278 134 578 386 720
279 120 585 376 720
280 104 588 361 719
281 105 590 365 720
282 93 596 348 720
283 73 602 340 720
284 57 606 325 720
285 44 615 309 720
286 26 623 296 720
287 28 621 298 720
288 19 627 278 720
289 7 634 257 720
290 1 640 223 720
291 1 649 208 720
292 1 658 171 720
293 1 658 154 720
294 1 664 111 720
295 1 673 68 720
296 1 686 54 720
420 1045 342 1073 364
421 1049 341 1073 362
422 1049 342 1075 363
423 1049 342 1074 360
424 1049 342 1076 362
425 1048 342 1075 362
426 1046 342 1075 362
427 1046 341 1075 362
428 1046 341 1073 361
429 1045 341 1073 361
430 1043 340 1073 363
431 1044 340 1072 361
432 1042 338 1070 360
433 1037 338 1068 360
434 1035 336 1066 360
435 1030 339 1063 359
436 1029 337 1061 359
437 1031 336 1061 359
438 1029 336 1058 357
439 1024 334 1056 357
440 1021 335 1054 355
441 1018 332 1050 355
442 1017 333 1049 356
443 1017 333 1050 356
444 1013 333 1047 354
445 1009 331 1044 355
446 1007 329 1043 356
447 1004 330 1040 355
448 1002 328 1037 355
449 1003 329 1035 353
450 998 328 1034 356
451 996 329 1030 352
452 993 329 1027 353
453 991 329 1025 353
454 983 329 1024 359
455 987 329 1023 358
456 985 329 1020 355
457 981 329 1017 358
458 976 330 1016 359
459 976 330 1014 359
460 974 331 1011 358
461 973 330 1012 360
462 970 332 1011 362
463 968 330 1009 363
464 967 329 1007 364
465 965 332 1004 365
466 962 332 1002 365
467 960 332 1003 365
468 956 334 1000 364
469 955 333 998 365
470 953 333 996 365
471 951 334 992 368
472 949 335 989 369
473 946 334 990 369
474 943 336 987 369
475 940 338 985 374
476 937 339 982 374
477 933 339 978 376
478 928 341 974 377
479 931 340 975 376
480 926 340 972 378
481 923 343 968 378
482 920 346 965 381
483 916 345 963 381
484 912 345 959 383
485 914 346 958 383
486 907 346 955 386
487 905 346 953 386
488 903 347 951 388
489 899 349 947 389
490 896 352 943 391
491 894 353 944 393
492 891 351 939 393
493 887 354 935 395
494 884 357 932 397
495 880 362 930 400
496 876 361 923 404
497 874 361 923 402
498 869 364 920 406
499 866 366 917 409
500 862 369 912 413
501 858 373 909 417
502 855 377 906 423
503 851 376 905 424
504 848 379 901 427
505 844 385 897 430
506 838 391 892 432
507 835 394 889 437
508 829 396 886 443
509 830 396 886 441
510 827 402 881 445
511 822 397 878 450
512 818 401 873 457
513 811 404 869 455
514 808 408 868 460
515 808 409 866 461
516 808 411 863 462
517 804 412 862 464
518 803 417 858 467
519 796 419 855 470
520 793 422 851 474
521 794 424 850 473
522 787 426 845 474
523 785 429 844 481
524 782 434 841 483
525 777 440 837 488
526 773 442 834 493
527 773 438 833 491
528 770 446 830 498
529 763 451 825 504
530 758 454 821 506
531 755 462 816 511
532 750 462 812 519
533 751 463 813 518
534 746 468 809 521
535 741 475 804 528
536 735 478 799 532
537 733 482 796 537
538 730 486 795 540
539 730 486 795 541
540 725 490 792 546
541 723 492 786 549
542 719 495 785 552
543 715 499 782 555
544 714 501 780 560
545 714 500 779 562
546 711 505 779 564
547 709 506 777 567
548 707 509 773 569
549 704 513 771 570
550 702 514 769 574
551 702 514 770 572
552 698 518 768 574
553 697 517 764 574
554 694 517 763 576
555 689 517 762 578
556 688 516 757 580
557 686 518 757 580
558 686 516 754 581
559 684 519 754 577
560 680 518 749 577
561 679 516 749 576
562 678 516 747 578
563 678 515 747 576
564 675 514 745 576
565 674 516 745 575
566 673 516 743 575
567 672 516 742 575
568 671 517 741 576
569 670 517 740 575
570 667 515 739 575
571 668 514 736 575
572 668 514 734 576
573 665 511 734 573
574 663 514 734 573
575 661 514 733 573
576 665 513 734 571
577 663 512 730 570
578 662 509 730 571
579 661 512 729 569
580 659 511 727 569
581 660 512 727 569
582 660 509 726 567
583 657 509 725 567
584 659 506 725 567
585 656 504 725 565
586 655 509 723 565
587 656 512 722 567
588 655 508 720 566
589 654 508 719 564
590 652 510 719 565
591 652 511 719 564
592 651 513 719 564
593 652 512 715 564
594 650 513 714 564
595 648 514 715 564
596 648 512 712 566
597 646 515 711 565
598 645 515 708 566
599 644 513 710 566
600 642 513 707 564
601 640 510 703 566
602 638 510 701 564
603 637 509 701 566
604 635 509 696 564
605 634 509 696 563
606 631 511 696 565
607 629 509 690 566
608 625 510 691 562
609 621 511 684 566
610 618 510 681 567
611 618 508 684 565
612 616 509 679 567
613 610 510 676 568
614 607 510 671 568
615 603 511 669 569
616 597 513 663 569
617 598 511 663 569
618 595 515 660 570
619 588 517 654 571
620 584 515 648 569
621 579 514 644 574
622 572 517 643 574
623 574 514 643 577
624 567 517 634 575
625 560 517 627 574
626 553 518 621 576
627 548 517 615 575
628 544 517 608 573
629 545 518 608 573
630 537 518 599 573
631 530 520 595 574
632 523 521 587 575
633 517 520 581 575
634 513 519 579 576
635 513 519 577 579
636 517 516 582 573
637 522 515 588 569
638 526 513 590 567
639 531 508 593 564
640 535 507 595 561
641 536 506 596 560
642 538 505 600 559
643 544 503 601 554
644 547 500 604 553
645 549 498 608 551
646 554 498 610 548
647 552 498 609 547
648 555 496 613 547
649 557 494 615 542
650 561 492 618 542
651 564 488 620 540
652 566 489 620 536
653 566 490 621 536
654 570 487 625 535
655 570 485 628 531
656 573 483 628 531
657 576 482 631 530
658 580 480 634 529
659 579 481 633 526
660 580 477 634 526
661 584 477 637 526
662 585 476 639 523
663 587 475 641 521
664 590 473 642 521
665 589 473 640 520
666 593 472 641 518
667 592 472 642 515
668 592 472 647 516
669 595 473 647 515
670 597 472 647 513
671 598 473 652 514
672 598 473 652 514
673 599 472 653 513
674 600 471 654 512
675 601 470 655 511
676 603 469 657 510
677 604 469 658 510
678 604 469 658 510
679 604 469 658 510
680 604 469 658 510
681 604 469 658 510
682 605 468 659 509
683 606 468 660 509
684 607 468 661 509
685 608 468 662 509
686 610 468 664 509
687 608 467 662 508
688 609 466 659 507
689 611 465 661 506
690 610 465 660 506
691 609 464 663 505
692 612 463 662 505
693 614 465 660 504
694 612 463 664 506
695 613 464 663 504
696 614 465 663 505
697 614 464 663 502
698 615 462 664 502
699 614 463 664 503
700 617 463 665 503
701 615 462 663 503
702 616 461 663 502
703 616 461 665 500
704 618 460 664 501
705 616 459 665 501
706 615 459 663 499
707 618 460 665 502
708 614 459 664 500
709 617 459 663 499
710 616 460 663 500
711 614 458 663 498
712 613 459 662 498
713 615 460 662 493
714 614 460 660 496
715 614 460 662 496
716 612 457 660 493
717 611 457 659 495
718 610 458 657 493
719 610 458 657 495
720 608 458 656 496
721 610 458 654 495
722 606 458 654 498
723 606 457 653 495
724 604 457 652 495
725 604 457 650 495
726 603 459 649 493
727 602 459 647 495
728 602 457 647 492
729 600 458 646 492
730 597 458 646 493
731 595 458 646 495
732 594 457 642 493
733 594 456 640 493
734 593 456 640 492
