508 -1 -1 -1 -1
0 550 493 719 618
1 548 495 716 617
2 549 492 718 617
3 549 490 718 616
4 549 486 718 612
5 549 485 716 606
6 546 483 712 608
7 547 482 715 608
8 544 481 712 606
9 543 481 713 608
10 544 478 712 607
11 543 478 712 601
12 543 478 712 602
13 541 477 713 604
14 541 477 711 603
15 544 473 714 601
16 543 474 712 600
17 540 475 711 600
18 539 473 708 602
19 540 473 710 602
20 539 473 709 601
21 538 472 710 599
22 536 471 708 600
23 535 471 706 599
24 534 471 706 599
25 533 471 704 601
26 531 470 703 597
27 530 469 702 600
28 530 471 703 597
29 531 469 704 598
30 528 467 704 597
31 528 466 705 597
32 528 468 703 598
33 530 468 703 598
34 530 467 701 596
35 527 467 701 596
36 528 463 699 594
37 528 464 699 594
38 529 464 703 592
39 533 461 703 592
40 535 460 706 591
41 535 459 707 590
42 533 460 709 590
43 535 458 710 591
44 538 457 711 590
45 540 457 717 589
46 544 456 719 590
47 545 455 719 586
48 544 455 717 586
49 544 452 720 587
50 543 452 717 587
51 545 449 719 587
52 544 450 721 584
53 544 448 721 584
54 543 447 720 585
55 541 449 720 585
56 540 447 716 584
57 535 446 713 584
58 534 446 713 584
59 531 446 713 583
60 529 443 709 585
61 529 442 709 584
62 525 444 706 586
63 520 444 701 586
64 516 442 697 586
65 512 441 696 584
66 506 443 692 587
67 508 440 692 585
68 505 442 689 589
69 502 444 686 588
70 496 445 680 588
71 491 448 677 589
72 487 446 676 592
73 486 447 675 591
74 481 450 670 593
75 477 449 667 593
76 470 449 658 595
77 464 450 653 597
78 460 450 649 597
79 460 451 649 597
80 452 455 645 597
81 446 455 639 600
82 440 458 633 606
83 434 459 630 608
84 428 459 624 609
85 428 459 624 610
86 420 469 616 613
87 412 464 609 615
88 404 464 602 619
89 397 467 597 621
90 392 469 592 626
91 391 471 592 625
92 382 474 584 628
93 376 475 577 631
94 365 478 570 637
95 362 485 565 644
96 351 487 558 648
97 350 489 557 646
98 341 493 547 646
99 331 495 539 655
100 320 497 530 659
101 312 503 525 663
102 301 506 512 668
103 298 507 512 668
104 290 510 503 675
105 278 512 494 678
106 265 517 486 685
107 254 523 476 687
108 242 522 465 697
109 240 523 465 699
110 226 526 453 704
111 211 536 440 712
112 195 543 430 712
113 177 546 415 720
114 165 550 400 720
115 164 551 401 720
116 146 550 386 720
117 125 563 369 720
118 107 569 353 720
119 88 574 336 720
120 68 576 321 720
121 66 575 322 720
122 44 584 303 720
123 18 588 285 720
124 1 593 263 720
125 1 597 245 720
126 1 604 224 720
127 1 604 223 720
128 84 650 201 719
186 511 423 591 488
187 509 421 591 488
188 510 421 592 486
189 509 409 593 483
190 508 408 590 482
191 519 408 590 479
192 506 407 590 482
193 508 406 591 482
194 505 405 591 484
195 507 402 590 480
196 515 403 590 481
197 507 402 592 481
198 510 403 590 481
199 507 405 589 481
200 504 404 590 482
201 505 402 591 478
202 505 402 590 480
203 510 402 590 477
204 518 401 589 479
205 506 401 590 478
206 505 402 588 478
207 502 400 587 478
208 500 401 588 478
209 502 402 588 478
210 499 403 588 480
211 499 403 587 480
212 502 402 587 475
213 498 402 586 478
214 497 402 587 478
215 499 402 587 478
216 497 405 585 478
217 498 404 587 478
218 498 403 586 478
219 495 405 584 480
220 499 406 585 480
221 495 407 583 479
222 498 408 586 483
223 497 407 585 482
224 499 408 586 484
225 496 411 585 483
226 507 411 585 487
227 494 412 585 488
228 494 413 585 486
229 496 414 583 486
230 496 414 585 489
231 494 414 584 491
232 497 417 584 490
233 495 415 583 491
234 496 415 584 494
235 495 416 583 493
236 496 417 583 493
237 495 419 585 495
238 497 419 586 496
239 512 419 582 497
240 493 421 583 496
241 494 418 584 497
242 494 420 584 498
243 491 420 583 498
244 492 418 585 496
245 495 415 583 497
246 496 416 582 495
247 491 414 583 493
248 493 415 583 492
249 495 414 582 494
250 492 413 583 491
251 494 410 584 491
252 500 409 582 489
253 498 409 582 489
254 493 409 585 488
255 495 409 582 488
256 493 408 584 488
257 493 407 586 486
258 493 406 584 487
259 493 404 582 488
260 508 406 585 488
261 492 403 585 487
262 487 403 583 484
263 492 401 585 481
264 490 400 585 481
265 491 395 583 482
266 490 395 583 479
267 495 395 582 476
268 511 393 582 477
269 502 391 583 474
270 489 388 583 472
271 493 389 583 469
272 491 387 582 469
273 492 387 582 464
274 492 383 583 465
275 508 383 582 462
276 503 380 583 459
277 509 380 584 459
278 497 375 583 455
279 490 379 583 454
280 492 372 585 454
281 491 372 585 450
282 512 370 584 448
283 510 372 586 446
284 507 368 586 445
285 497 364 585 442
286 495 360 584 439
287 495 359 585 434
288 497 356 587 432
289 495 355 587 431
290 509 354 586 434
291 501 352 587 430
292 500 350 589 431
293 499 351 589 428
294 501 351 587 427
295 498 351 587 425
296 498 351 590 424
297 509 350 587 423
298 511 347 587 421
299 505 345 589 423
300 503 343 590 423
301 499 345 588 419
302 500 345 590 418
303 503 343 590 418
304 509 341 590 419
305 512 345 591 417
306 509 341 590 416
307 502 342 587 417
308 506 341 592 415
309 508 340 592 415
310 506 340 589 415
311 509 340 592 410
312 514 338 593 412
313 516 336 593 410
314 509 338 592 409
315 511 338 594 406
316 509 334 595 407
317 511 333 594 407
318 513 329 596 405
319 508 327 594 400
320 518 325 595 401
321 514 325 594 402
322 510 324 589 397
323 515 322 595 396
324 517 319 596 394
325 518 320 594 396
326 516 319 598 394
327 526 319 596 392
328 518 312 598 390
329 517 312 598 387
330 522 310 596 385
331 522 313 594 386
332 526 307 596 387
333 532 303 600 391
334 533 305 597 380
335 528 300 597 378
336 529 302 599 374
337 526 303 596 369
338 525 299 598 370
339 528 298 595 375
340 529 295 598 375
341 530 293 601 369
342 534 297 601 366
343 534 295 601 365
344 532 296 601 366
345 531 291 603 362
346 535 293 603 362
347 539 291 606 354
348 541 288 605 364
349 538 290 606 363
350 538 288 605 356
351 540 286 597 341
352 541 288 606 350
353 540 286 605 350
354 541 286 608 346
355 540 284 606 346
356 542 283 603 340
357 542 283 607 346
358 543 281 609 340
359 540 283 607 341
360 543 282 608 337
361 547 283 609 338
362 546 282 609 338
363 546 281 608 338
364 546 280 609 336
365 550 278 608 336
366 552 278 608 330
367 550 278 608 331
368 552 276 611 331
369 552 273 610 328
370 550 274 612 326
371 551 273 613 329
372 555 269 616 326
373 553 269 615 321
374 554 267 611 319
375 554 268 613 318
376 554 266 614 320
377 554 265 615 317
378 556 264 614 317
379 557 263 612 317
380 557 262 615 317
381 558 259 613 308
382 560 260 615 313
383 560 259 614 311
384 560 258 615 314
385 559 259 616 309
386 559 258 616 310
387 561 255 618 307
388 561 257 619 309
389 562 257 616 305
390 561 255 618 300
391 561 256 618 302
392 562 256 615 304
393 562 254 618 308
394 563 257 620 307
395 563 258 617 307
396 562 257 622 304
397 564 254 620 305
398 564 253 619 302
399 564 253 619 301
400 563 254 620 302
401 564 252 621 302
402 565 250 621 299
403 563 253 621 300
404 564 248 621 298
405 563 245 623 298
406 564 245 623 297
407 565 245 624 297
408 564 246 622 297
409 565 246 623 297
410 565 247 623 295
411 564 247 623 296
412 567 241 625 293
413 566 243 628 293
414 568 241 624 293
415 568 240 623 293
416 566 240 623 293
417 568 239 623 292
418 569 237 622 293
419 568 237 624 293
420 570 238 626 293
421 569 237 623 291
422 570 237 620 289
423 570 237 624 292
424 570 236 622 291
425 571 236 624 291
426 572 237 626 291
427 570 237 626 292
428 571 236 624 293
429 572 234 625 293
430 571 235 621 288
431 571 236 626 283
432 573 237 623 284
433 571 234 624 283
434 574 236 623 286
435 573 236 625 284
436 574 235 625 284
437 573 235 624 284
438 573 238 622 284
439 572 237 625 283
440 575 236 623 285
441 576 237 626 288
442 575 236 626 285
443 575 237 625 288
444 575 237 626 286
445 575 237 624 288
446 576 239 628 290
447 578 236 627 283
448 576 239 629 288
449 578 239 626 285
450 579 241 627 288
451 577 237 624 287
452 579 243 629 292
453 578 245 632 293
454 578 247 630 296
455 578 248 629 297
456 578 248 631 298
457 579 249 630 297
458 582 249 631 301
459 581 253 634 302
460 582 254 631 302
461 580 253 632 304
462 584 244 634 297
463 582 243 635 295
464 586 237 636 288
465 587 230 639 281
466 588 225 640 274
467 593 220 644 270
468 595 217 644 269
469 595 217 646 270
470 597 218 649 268
471 597 219 649 271
472 600 219 653 271
473 603 221 653 272
474 604 221 655 273
475 603 220 655 273
476 606 223 655 274
477 606 225 658 275
478 607 224 659 277
479 612 225 660 277
480 613 227 662 279
481 613 228 663 278
482 616 229 664 278
483 616 228 668 278
484 619 230 669 280
485 619 228 671 281
486 623 231 671 281
487 621 231 672 282
488 624 231 674 284
489 625 231 674 285
490 626 233 677 285
491 628 232 677 285
492 630 233 678 286
493 629 233 679 285
494 631 234 681 288
495 631 237 683 287
496 632 236 684 288
497 634 238 685 290
498 635 237 685 289
499 636 239 684 290
500 636 239 686 289
501 637 238 688 290
502 639 240 690 290
503 640 241 690 293
504 640 240 692 293
505 641 241 689 293
506 642 243 692 292
507 642 241 693 294
