699 -1 -1 -1 -1
99 691 669 735 720
100 547 648 769 720
101 529 626 793 720
102 533 622 802 719
103 497 600 835 720
104 487 582 840 720
105 484 564 842 720
106 482 545 842 720
107 485 526 841 720
108 487 528 840 720
109 486 512 838 720
110 484 496 843 720
111 485 474 839 720
112 486 452 840 716
113 489 427 839 696
114 486 425 842 689
115 490 399 837 658
116 486 376 835 634
117 488 342 834 601
118 485 319 835 573
119 487 293 834 549
120 489 291 831 555
121 489 266 834 530
122 490 247 830 513
123 494 232 834 495
124 493 217 838 481
125 490 207 836 471
126 492 208 835 469
127 494 199 836 458
128 495 193 839 454
129 496 183 839 451
130 496 182 839 442
131 499 184 840 441
132 500 183 837 439
133 501 184 839 447
134 502 189 840 443
135 502 194 841 454
136 506 201 844 457
137 510 215 844 468
138 507 216 844 465
139 510 222 844 480
140 513 235 847 486
141 515 244 849 495
142 523 250 854 505
143 525 264 854 511
144 525 264 856 512
145 528 271 858 524
146 532 283 861 532
147 534 294 861 545
148 538 300 865 556
149 539 312 865 559
150 542 309 863 562
151 544 316 868 567
152 548 322 867 574
153 548 327 870 576
154 552 333 870 578
155 554 335 875 574
156 555 336 872 579
157 556 340 874 581
158 558 345 874 580
159 558 342 873 592
160 559 346 873 591
161 560 345 875 587
162 560 345 873 587
163 560 348 873 588
164 560 352 873 591
165 563 349 873 588
166 565 350 874 598
167 565 352 873 592
168 564 357 873 597
169 564 356 873 593
170 566 355 872 588
171 563 354 868 591
172 563 352 865 588
173 560 348 863 589
174 560 352 863 589
175 559 344 862 584
176 561 347 860 581
177 561 345 861 577
178 564 350 860 584
179 566 353 858 585
180 562 355 860 581
181 564 353 859 587
182 565 354 860 589
183 565 360 860 591
184 564 365 858 602
185 565 374 855 599
186 563 371 857 596
187 561 378 855 606
188 561 378 854 607
189 560 383 850 609
190 562 385 848 610
191 566 383 848 609
192 561 384 848 606
193 565 386 847 602
194 559 387 841 603
195 557 389 839 613
196 558 395 839 620
197 557 405 835 622
198 556 402 833 620
199 552 412 830 629
200 551 415 828 632
201 551 420 825 636
202 552 420 822 632
203 548 421 820 632
204 548 423 820 633
205 546 425 815 635
206 546 420 815 632
207 546 421 815 625
208 544 421 811 631
209 549 422 813 628
210 547 421 812 632
211 545 422 810 627
212 544 430 805 628
213 546 428 806 630
214 548 434 804 628
215 546 433 805 629
216 544 435 799 632
217 549 436 800 638
218 549 440 802 638
219 552 441 805 639
220 550 445 805 643
221 555 447 803 646
222 555 451 802 644
223 555 455 804 646
224 558 458 801 649
225 560 460 803 650
226 563 463 806 656
227 565 461 806 657
228 562 464 805 658
229 567 463 806 657
230 569 466 807 662
231 574 471 811 666
232 574 477 815 669
233 578 478 814 672
234 577 480 815 670
235 580 485 815 672
236 583 489 818 677
237 585 494 817 683
238 585 502 819 689
239 590 507 821 691
240 588 508 820 691
241 588 512 819 700
242 593 517 820 709
243 594 525 821 711
244 601 534 823 714
245 600 539 824 720
246 600 540 825 720
247 600 548 824 720
248 603 555 825 720
249 604 562 827 720
250 605 569 826 720
251 607 576 827 720
252 606 577 830 720
253 608 581 831 720
254 610 593 833 720
255 612 596 837 720
256 616 605 841 720
257 617 611 845 720
258 618 610 845 720
259 619 617 845 720
260 624 628 847 720
261 630 640 850 720
262 650 650 841 720
263 660 664 838 720
264 660 663 835 720
265 670 672 804 720
266 665 683 807 720
267 691 689 806 720
268 697 700 806 720
269 702 704 806 720
270 703 709 799 720
383 808 341 885 401
384 809 340 886 401
385 809 334 885 400
386 809 333 887 398
387 810 333 888 399
388 810 333 887 398
389 811 333 887 396
390 811 335 887 396
391 810 331 887 395
392 812 331 887 394
393 813 332 889 394
394 814 330 889 392
395 814 328 891 392
396 814 327 890 392
397 814 328 891 392
398 812 327 889 389
399 815 326 890 389
400 815 329 891 389
401 816 328 893 390
402 813 328 892 391
403 815 328 894 391
404 815 328 894 390
405 818 325 893 389
406 815 327 893 390
407 816 329 896 390
408 819 328 894 389
409 818 329 897 389
410 819 328 893 391
411 818 328 897 389
412 821 327 897 391
413 821 328 899 393
414 818 326 897 391
415 822 327 897 393
416 821 332 900 396
417 822 330 901 397
418 822 333 901 398
419 822 331 901 400
420 822 330 901 401
421 823 333 902 402
422 822 337 902 404
423 823 336 903 402
424 824 334 902 404
425 825 343 904 407
426 824 343 904 405
427 825 340 905 412
428 827 343 905 409
429 828 344 904 411
430 826 346 904 414
431 825 349 904 415
432 826 351 904 413
433 827 352 906 417
434 827 349 906 417
435 828 350 904 417
436 828 350 906 416
437 826 350 905 415
438 827 350 906 414
439 826 349 906 415
440 827 349 906 415
441 828 347 904 413
442 826 345 904 412
443 826 344 906 411
444 825 344 905 411
445 827 343 905 410
446 825 341 904 409
447 825 337 904 406
448 826 337 903 405
449 830 334 902 400
450 828 335 903 401
451 826 332 905 397
452 827 331 905 397
453 827 331 903 395
454 828 331 903 397
455 824 328 903 394
456 825 327 904 394
457 831 324 903 393
458 828 324 901 391
459 826 324 902 391
460 824 322 903 389
461 826 322 901 391
462 825 323 901 389
463 825 322 901 387
464 832 320 901 388
465 826 321 898 388
466 826 322 900 387
467 824 319 900 385
468 825 319 898 383
469 823 317 898 384
470 830 317 898 385
471 828 318 896 386
472 823 317 896 385
473 822 317 897 384
474 820 315 898 383
475 821 316 898 383
476 820 314 896 382
477 824 315 896 381
478 820 315 895 381
479 819 313 894 381
480 821 313 894 378
481 820 312 894 379
482 820 308 892 378
483 821 307 892 376
484 823 306 893 375
485 822 307 892 371
486 821 306 892 371
487 819 305 888 371
488 821 303 887 374
489 819 302 886 371
490 819 304 887 370
491 822 300 885 368
492 820 302 884 369
493 818 300 886 371
494 817 301 887 370
495 819 298 888 368
496 816 297 887 368
497 818 297 888 364
498 818 296 885 363
499 819 297 886 364
500 818 297 885 364
501 817 295 885 362
502 816 294 887 363
503 814 294 885 359
504 816 293 885 362
505 813 293 883 362
506 817 292 885 359
507 816 291 884 359
508 814 292 882 359
509 814 291 882 357
510 815 291 882 355
511 812 289 882 358
512 814 289 882 357
513 811 290 881 355
514 812 289 882 353
515 812 286 879 355
516 812 290 881 354
517 812 285 878 352
518 810 286 881 354
519 814 286 880 354
520 810 281 877 350
521 810 282 877 349
522 812 286 876 350
523 808 285 877 351
524 809 286 878 351
525 811 285 877 344
526 810 284 877 348
527 807 285 879 347
528 808 285 877 345
529 806 287 873 343
530 807 287 877 347
531 807 284 876 345
532 806 284 874 344
533 805 287 874 348
534 806 285 872 347
535 804 287 872 345
536 805 288 872 347
537 803 291 869 347
538 801 292 868 347
539 802 291 868 345
540 801 291 868 347
541 802 294 866 345
542 809 301 868 345
543 809 295 868 347
544 808 296 869 347
545 807 296 864 345
546 809 300 867 346
547 811 301 866 347
548 799 296 864 348
549 799 298 864 348
550 798 298 863 346
551 795 299 860 349
552 799 298 861 345
553 793 295 858 346
554 792 299 859 348
555 790 299 855 348
556 788 303 856 348
557 788 293 855 348
558 787 294 854 348
559 785 290 851 348
560 784 296 852 349
561 786 291 849 352
562 784 292 847 352
563 782 292 844 352
564 779 293 844 352
565 777 292 842 352
566 774 292 841 352
567 772 294 838 353
568 775 297 835 355
569 770 297 835 355
570 769 296 835 356
571 769 296 830 357
572 765 298 830 359
573 769 301 828 361
574 768 302 827 360
575 766 303 822 361
576 765 306 823 362
577 765 306 822 362
578 764 310 820 366
579 761 312 818 365
580 761 312 814 365
581 759 315 815 369
582 760 314 815 368
583 761 315 812 369
584 758 318 811 373
585 757 319 808 373
586 757 317 808 370
587 753 321 806 372
588 750 321 807 373
589 751 322 805 373
590 754 325 803 377
591 750 328 801 378
592 748 329 801 381
593 746 328 801 382
594 746 330 801 380
595 744 333 800 383
596 747 333 798 387
597 749 335 797 387
598 745 334 798 386
599 742 321 792 374
600 743 323 793 374
601 741 310 792 364
602 738 301 787 356
603 738 295 789 346
604 736 285 785 336
605 733 280 782 331
606 735 279 782 331
607 731 273 779 325
608 728 266 779 317
609 727 262 776 314
610 725 258 773 311
611 723 252 773 307
612 724 254 772 307
613 723 254 768 305
614 719 250 768 302
615 718 251 766 303
616 713 250 764 303
617 712 252 763 303
618 711 255 762 304
619 709 254 758 305
620 708 256 758 306
621 706 255 756 306
622 706 255 754 307
623 703 259 750 307
624 701 259 753 308
625 699 260 750 308
626 698 260 749 309
627 697 262 746 310
628 693 263 745 311
629 692 261 744 314
630 694 262 744 313
631 693 265 741 313
632 693 264 739 314
633 688 266 738 315
634 686 264 736 315
635 683 267 736 315
636 686 267 735 318
637 681 267 735 317
638 679 267 733 320
639 679 269 730 320
640 679 271 730 322
641 679 271 727 321
642 679 272 726 321
643 675 270 726 321
644 675 271 725 321
645 675 272 723 321
646 673 272 722 324
647 671 273 722 325
648 670 274 721 325
649 670 275 720 325
650 667 274 720 325
651 666 275 718 328
652 665 276 719 327
653 664 278 715 329
654 665 277 717 327
655 664 278 715 329
656 662 278 713 328
657 663 279 713 330
658 662 280 711 329
659 659 279 711 331
660 659 278 709 331
661 657 281 709 331
662 658 281 710 328
663 655 280 708 331
664 656 281 707 331
665 656 279 708 331
666 653 282 705 333
667 655 282 706 331
668 656 282 705 332
669 653 284 704 332
670 654 282 704 333
671 653 284 704 334
672 653 284 704 332
673 652 283 704 334
674 652 285 702 334
675 654 283 703 333
676 654 286 701 336
677 652 285 703 334
678 653 284 702 333
679 654 286 702 335
680 653 285 701 336
681 652 283 702 336
682 653 285 702 335
683 651 286 700 335
684 653 283 702 334
685 653 284 704 336
686 653 287 703 336
687 654 285 701 333
688 652 284 703 336
689 650 285 703 334
690 651 285 701 334
691 651 286 701 334
692 650 284 701 334
693 650 286 702 336
694 650 287 701 336
695 648 286 702 334
696 651 285 701 333
697 651 285 703 334
698 649 285 702 335
