519 -1 -1 -1 -1
0 563 455 726 570
1 563 450 727 569
2 565 444 725 567
3 566 443 726 563
4 564 441 727 556
5 564 436 722 551
6 567 436 723 551
7 566 434 722 545
8 565 431 720 544
9 566 426 720 539
10 567 426 721 539
11 563 423 719 535
12 564 422 718 537
13 564 422 717 535
14 563 420 718 532
15 565 417 718 530
16 565 415 717 527
17 563 412 714 524
18 563 412 715 522
19 562 412 714 520
20 561 408 714 520
21 560 407 715 515
22 564 407 715 516
23 564 406 716 517
24 564 405 715 518
25 567 405 716 516
26 566 404 715 517
27 565 404 715 516
28 567 404 715 514
29 568 404 718 517
30 567 404 717 515
31 571 402 716 514
32 571 402 718 515
33 572 402 719 514
34 572 401 719 512
35 571 400 719 512
36 570 402 717 509
37 570 400 720 512
38 574 402 720 514
39 572 401 723 511
40 570 400 724 513
41 572 398 720 510
42 571 399 723 513
43 570 401 721 513
44 571 401 722 513
45 572 400 722 512
46 572 398 721 513
47 571 400 720 516
48 571 398 722 515
49 569 402 722 517
50 566 401 720 518
51 566 401 720 518
52 566 402 721 521
53 565 403 721 524
54 566 402 722 521
55 564 402 722 521
56 564 402 721 525
57 563 407 722 528
58 564 406 722 527
59 561 408 722 527
60 561 409 719 528
61 560 409 720 530
62 560 408 720 531
63 558 410 718 535
64 556 408 719 534
65 554 412 719 536
66 553 411 719 536
67 552 412 718 538
68 550 410 717 539
69 549 410 720 544
70 547 410 719 541
71 546 407 720 543
72 549 407 720 543
73 546 403 719 543
74 547 408 722 545
75 545 411 720 546
76 547 411 722 547
77 546 412 723 548
78 545 412 722 551
79 544 413 725 552
80 541 410 724 551
81 539 407 723 554
82 538 407 724 552
83 536 408 723 555
84 536 408 721 555
85 535 410 723 554
86 532 413 721 556
87 528 412 720 557
88 527 411 719 561
89 525 407 717 561
90 523 409 717 560
91 523 409 720 559
92 520 407 718 561
93 515 409 717 559
94 512 407 711 562
95 506 416 706 567
96 509 412 705 564
97 504 416 703 565
98 502 417 701 568
99 497 419 697 572
100 495 419 696 571
101 491 419 692 573
102 491 422 692 575
103 487 421 692 580
104 485 425 688 582
105 482 423 687 583
106 474 433 680 589
107 471 435 679 596
108 469 432 679 594
109 464 436 675 599
110 463 442 674 605
111 457 447 668 607
112 450 450 666 612
113 447 455 661 621
114 445 454 661 615
115 443 457 658 620
116 439 463 653 623
117 432 464 653 629
118 425 468 647 638
119 420 475 642 644
120 418 475 641 644
121 414 478 637 645
122 408 483 633 650
123 401 486 630 659
124 392 489 621 665
125 383 492 614 673
126 383 493 614 669
127 379 497 608 679
128 368 502 605 685
129 357 510 591 690
130 351 512 587 694
131 338 514 578 704
132 341 513 577 704
133 334 519 572 702
134 316 526 563 712
135 306 529 547 720
136 293 536 536 720
137 281 542 530 720
138 281 543 529 720
139 268 545 515 720
140 244 551 504 720
141 234 556 492 720
142 220 563 480 720
143 203 569 468 720
144 203 568 468 720
145 186 578 452 720
146 167 581 438 720
147 147 587 424 720
148 131 593 406 720
149 112 600 387 720
150 115 599 388 720
151 90 607 370 720
152 71 612 363 720
153 55 622 333 720
154 42 627 312 720
155 24 636 255 720
156 16 637 254 720
157 1 645 233 720
158 1 659 160 720
159 1 666 143 720
160 1 674 108 720
161 1 692 80 720
162 1 693 75 720
227 735 346 828 425
228 735 345 829 426
229 735 347 830 429
230 736 348 826 428
231 735 353 828 430
232 734 353 828 431
233 733 352 825 433
234 737 354 826 433
235 736 356 826 432
236 735 356 825 435
237 735 360 827 436
238 736 362 824 437
239 734 365 826 440
240 735 365 825 440
241 736 365 825 442
242 735 366 825 442
243 734 368 823 440
244 734 370 824 443
245 734 369 825 442
246 734 369 824 445
247 733 370 823 444
248 734 369 821 442
249 733 369 823 441
250 734 369 820 442
251 738 367 820 440
252 733 368 820 442
253 735 366 820 441
254 737 364 821 439
255 733 360 822 435
256 732 359 820 432
257 733 355 820 430
258 734 355 820 427
259 732 351 820 425
260 734 346 820 422
261 732 342 820 417
262 730 337 817 415
263 731 334 817 410
264 732 333 817 411
265 731 330 815 406
266 734 328 815 402
267 729 325 815 397
268 730 321 815 394
269 731 316 815 392
270 730 317 815 394
271 729 314 814 388
272 730 309 812 385
273 729 308 813 383
274 730 305 812 380
275 729 305 812 376
276 730 304 812 378
277 729 301 811 374
278 727 300 811 373
279 729 299 810 372
280 730 296 810 371
281 727 297 809 372
282 727 299 809 369
283 727 297 808 370
284 727 297 809 368
285 725 298 809 369
286 726 297 808 369
287 725 298 808 370
288 724 300 807 370
289 724 297 806 369
290 723 300 806 369
291 723 300 808 368
292 724 299 806 368
293 725 300 806 369
294 726 300 805 369
295 721 301 803 368
296 724 301 804 369
297 723 302 802 368
298 722 300 802 367
299 727 302 802 367
300 729 302 802 367
301 730 302 801 368
302 723 301 801 368
303 723 302 799 368
304 721 302 799 369
305 722 301 799 369
306 721 303 800 367
307 718 304 798 366
308 721 303 798 369
309 721 305 797 369
310 720 306 797 371
311 719 306 797 373
312 719 308 797 370
313 719 309 796 374
314 726 309 795 374
315 723 310 796 375
316 720 309 794 376
317 718 311 793 376
318 720 311 795 376
319 719 312 793 376
320 718 311 794 377
321 725 312 791 377
322 722 312 793 379
323 718 311 792 376
324 718 310 791 377
325 716 309 792 377
326 716 308 792 376
327 716 303 793 372
328 721 302 792 368
329 716 301 789 369
330 718 303 791 368
331 716 300 794 365
332 716 299 789 369
333 714 297 787 365
334 713 296 786 367
335 715 299 786 365
336 716 297 786 364
337 715 297 786 361
338 713 292 786 361
339 714 290 785 360
340 711 289 781 357
341 709 291 780 355
342 711 289 782 356
343 711 288 785 355
344 711 285 780 352
345 710 283 781 351
346 711 277 780 347
347 709 277 777 347
348 708 279 779 346
349 709 277 774 346
350 711 276 777 336
351 709 274 778 336
352 708 269 777 336
353 708 267 776 336
354 710 268 776 336
355 710 265 774 331
356 706 265 772 331
357 710 263 771 331
358 709 261 776 328
359 705 260 774 327
360 704 259 771 325
361 705 257 772 322
362 704 257 770 323
363 709 256 770 321
364 712 257 775 323
365 704 255 773 321
366 710 256 774 320
367 702 255 772 321
368 704 253 771 319
369 702 251 771 319
370 702 251 770 318
371 705 251 769 318
372 703 252 768 317
373 704 251 770 316
374 702 252 769 316
375 699 250 768 315
376 702 249 768 315
377 699 250 767 313
378 700 250 768 315
379 700 250 768 313
380 696 248 766 312
381 698 249 766 311
382 698 248 765 312
383 698 245 764 313
384 699 244 763 312
385 699 247 763 311
386 697 246 763 312
387 705 244 763 312
388 699 244 759 309
389 698 243 761 307
390 694 244 761 305
391 694 241 759 305
392 695 243 761 304
393 694 240 761 301
394 695 240 760 298
395 700 239 759 296
396 698 237 759 295
397 695 237 760 293
398 694 235 758 295
399 692 232 758 292
400 693 229 756 289
401 693 228 755 286
402 694 227 755 289
403 698 223 756 284
404 696 223 754 283
405 691 222 754 282
406 691 219 754 281
407 689 215 754 278
408 691 215 754 279
409 690 214 752 278
410 693 210 751 273
411 691 208 752 274
412 687 206 750 270
413 685 204 749 267
414 687 204 749 269
415 689 201 749 265
416 685 201 749 266
417 688 199 747 262
418 686 197 747 260
419 684 196 747 258
420 687 195 747 258
421 687 192 746 257
422 685 191 745 255
423 687 192 745 253
424 687 190 745 252
425 685 188 743 251
426 684 188 744 250
427 683 187 743 250
428 686 185 742 246
429 683 184 742 246
430 682 184 741 245
431 679 184 740 245
432 681 182 741 245
433 679 181 739 245
434 676 182 739 243
435 678 180 739 240
436 677 179 737 242
437 676 180 735 240
438 676 179 738 240
439 674 179 737 240
440 673 178 734 239
441 671 177 734 236
442 672 177 734 238
443 676 177 733 237
444 675 177 733 237
445 672 176 733 236
446 674 178 730 238
447 674 176 731 234
448 674 177 730 235
449 672 177 730 237
450 671 175 730 235
451 669 176 729 236
452 671 178 728 236
453 669 178 728 234
454 669 178 727 236
455 668 180 726 236
456 669 180 726 237
457 670 182 725 240
458 667 186 722 239
459 668 186 724 245
460 667 191 722 247
461 665 195 721 254
462 665 199 722 253
463 664 202 722 259
464 665 206 718 263
465 661 207 717 265
466 662 216 720 272
467 660 222 720 278
468 659 222 719 278
469 661 226 717 284
470 662 236 716 292
471 662 243 716 297
472 659 251 715 307
473 660 261 712 315
474 658 261 715 317
475 659 261 714 319
476 660 260 714 314
477 658 258 714 315
478 658 258 715 312
479 657 258 713 315
480 659 259 714 312
481 656 258 713 314
482 657 259 713 314
483 658 258 712 314
484 656 258 713 314
485 656 261 714 314
486 656 259 713 313
487 657 259 712 315
488 657 258 714 314
489 657 259 714 314
490 658 260 715 313
491 656 260 713 314
492 655 260 712 314
493 658 258 714 313
494 658 259 714 312
495 659 259 713 314
496 657 259 713 314
497 658 259 714 313
498 658 259 713 314
499 658 260 713 312
500 658 259 713 313
501 659 260 712 313
502 658 259 713 313
503 657 259 713 313
504 658 261 713 312
505 657 260 714 314
506 658 259 712 313
507 658 259 713 315
508 658 259 714 313
509 658 260 713 314
510 659 260 713 314
511 658 259 712 313
512 658 259 712 314
513 658 260 712 314
514 659 260 714 313
515 658 259 714 313
516 659 259 713 314
517 658 258 713 313
518 657 258 713 315
