569 -1 -1 -1 -1
0 507 523 695 665
1 506 526 693 665
2 507 527 697 663
3 508 528 697 665
4 510 529 699 664
5 512 529 704 666
6 514 530 704 664
7 515 531 707 666
8 517 531 711 665
9 520 531 715 667
10 523 531 718 669
11 527 532 722 668
12 532 532 728 670
13 537 532 730 670
14 543 532 732 670
15 549 532 738 674
16 556 530 745 673
17 564 535 750 674
18 571 535 757 675
19 571 534 756 676
20 576 535 767 675
21 580 539 769 676
22 580 541 768 679
23 576 540 762 677
24 572 540 758 678
25 573 540 758 679
26 571 540 757 677
27 569 539 755 680
28 573 540 756 677
29 568 541 754 679
30 564 540 748 679
31 563 541 748 677
32 556 541 739 676
33 552 539 734 672
34 547 542 729 675
35 542 540 723 673
36 537 541 718 674
37 539 540 717 675
38 535 541 714 672
39 533 540 712 673
40 531 541 705 674
41 524 542 700 671
42 521 541 695 673
43 521 540 696 673
44 516 540 692 672
45 514 540 689 670
46 510 540 686 671
47 509 540 682 671
48 505 541 679 671
49 505 541 678 675
50 501 539 676 673
51 497 541 672 670
52 498 542 670 668
53 495 540 667 672
54 492 541 663 671
55 493 544 663 667
56 489 543 661 668
57 489 543 658 667
58 485 545 654 670
59 482 544 649 666
60 481 545 649 669
61 480 544 650 670
62 480 544 649 670
63 478 540 647 667
64 477 540 643 665
65 474 538 644 662
66 471 536 643 659
67 471 536 642 661
68 472 533 638 658
69 468 530 640 658
70 468 529 637 656
71 465 529 639 655
72 465 526 634 652
73 463 526 635 653
74 464 522 633 651
75 465 521 633 650
76 464 517 634 647
77 464 516 632 645
78 462 513 634 640
79 464 512 634 638
80 462 509 633 638
81 462 508 635 636
82 459 505 634 639
83 458 504 635 633
84 458 502 633 637
85 457 505 634 637
86 457 502 636 637
87 457 502 635 637
88 456 497 634 637
89 454 494 637 636
90 455 492 635 639
91 451 492 632 636
92 452 492 637 638
93 448 495 635 641
94 448 491 635 638
95 446 493 637 636
96 447 491 635 635
97 447 490 638 634
98 444 489 635 634
99 444 489 636 637
100 440 489 638 635
101 443 487 636 636
102 441 488 638 636
103 442 488 640 635
104 443 486 639 636
105 442 486 638 636
106 441 487 641 641
107 441 483 644 636
108 445 482 644 636
109 443 483 644 632
110 446 481 646 634
111 450 479 649 635
112 455 477 654 630
113 454 476 658 632
114 459 478 658 631
115 456 476 660 630
116 463 477 663 629
117 466 475 671 626
118 471 474 676 630
119 476 474 682 631
120 478 474 687 631
121 480 472 687 630
122 485 474 693 632
123 490 476 700 632
124 496 478 709 636
125 502 478 712 640
126 510 479 720 643
127 512 481 721 643
128 516 486 732 651
129 522 484 735 651
130 531 490 744 656
131 536 493 754 659
132 545 498 763 665
133 544 498 763 663
134 555 499 771 669
135 561 505 780 674
136 568 508 791 680
137 576 511 796 684
138 585 513 808 683
139 586 513 806 686
140 596 518 818 689
141 600 520 829 694
142 610 523 836 701
143 615 526 846 705
144 628 530 856 711
145 625 530 854 709
146 635 533 868 717
147 645 541 882 720
148 654 545 889 720
149 658 550 901 720
150 668 555 909 720
151 670 555 912 720
152 670 559 918 720
153 680 565 932 720
154 689 569 939 720
155 692 577 948 720
156 695 581 954 720
157 696 578 956 720
158 700 584 965 720
159 711 593 979 720
160 721 605 987 720
161 727 621 999 720
162 754 633 993 720
163 754 635 992 720
164 766 645 1020 720
165 821 662 945 720
166 851 679 904 720
272 384 327 455 385
273 385 327 455 385
274 384 325 455 388
275 381 326 449 388
276 381 326 450 387
277 383 326 451 386
278 379 326 454 387
279 382 327 454 385
280 379 327 449 386
281 381 325 449 388
282 378 327 448 388
283 379 325 449 388
284 379 326 449 387
285 374 328 449 390
286 377 328 447 388
287 377 327 447 389
288 375 328 445 389
289 375 328 445 389
290 372 330 441 389
291 372 331 443 391
292 374 332 442 393
293 374 332 444 394
294 370 333 443 396
295 374 334 444 394
296 372 335 440 397
297 370 337 443 399
298 370 338 440 401
299 369 340 438 402
300 368 342 439 403
301 367 342 439 406
302 369 343 439 404
303 369 347 439 407
304 366 348 439 408
305 367 347 438 410
306 366 351 438 412
307 364 351 439 413
308 365 352 439 416
309 364 354 438 416
310 364 358 438 419
311 364 359 434 420
312 365 363 434 422
313 364 363 434 422
314 364 364 433 426
315 363 368 434 427
316 364 368 433 428
317 363 369 434 432
318 361 373 434 436
319 363 372 434 436
320 361 375 431 436
321 359 378 434 440
322 359 382 433 440
323 361 384 433 444
324 361 385 433 445
325 361 385 433 445
326 361 385 434 450
327 360 389 433 450
328 357 392 433 454
329 359 391 431 454
330 361 395 430 458
331 361 395 430 459
332 360 397 430 460
333 359 399 429 463
334 361 402 431 465
335 360 404 432 469
336 359 405 431 469
337 359 405 432 470
338 360 406 430 471
339 358 408 431 474
340 358 405 430 473
341 358 404 429 474
342 356 406 429 472
343 360 406 429 474
344 358 404 430 469
345 358 404 428 469
346 359 401 430 470
347 359 401 430 470
348 360 400 432 468
349 360 400 431 467
350 362 401 431 469
351 358 398 430 464
352 360 399 430 466
353 362 396 429 462
354 360 397 429 463
355 358 398 430 464
356 361 395 428 461
357 361 395 430 461
358 360 395 430 461
359 359 394 432 458
360 362 393 430 457
361 361 394 430 457
362 360 391 431 458
363 362 390 424 454
364 361 389 425 455
365 362 388 429 454
366 363 387 432 452
367 362 387 432 450
368 361 386 431 449
369 362 385 431 449
370 362 382 431 449
371 364 383 431 445
372 363 380 431 445
373 365 380 433 444
374 365 378 431 442
375 365 377 432 441
376 365 376 432 438
377 365 375 436 438
378 366 373 434 439
379 364 374 434 438
380 365 373 434 432
381 366 371 436 433
382 368 371 437 435
383 368 371 437 435
384 367 370 439 434
385 367 368 438 433
386 368 368 437 432
387 369 369 439 433
388 370 370 439 436
389 371 372 439 433
390 371 370 440 435
391 372 370 439 434
392 371 371 442 436
393 373 371 441 436
394 374 372 441 436
395 376 372 440 437
396 377 374 441 437
397 377 374 441 436
398 376 372 445 437
399 379 373 444 436
400 380 375 447 437
401 380 375 446 437
402 379 375 444 437
403 379 373 447 439
404 381 376 447 439
405 380 376 449 438
406 383 376 449 438
407 382 376 449 440
408 385 376 450 440
409 383 376 450 438
410 385 377 450 437
411 386 375 451 436
412 385 374 450 439
413 387 375 451 436
414 390 374 451 435
415 390 376 452 436
416 389 373 454 436
417 389 373 453 436
418 392 376 452 436
419 393 374 454 434
420 392 373 455 434
421 394 372 454 435
422 390 372 454 431
423 395 372 454 431
424 395 371 457 432
425 398 370 456 428
426 395 367 457 426
427 395 369 457 425
428 398 367 457 423
429 393 359 457 420
430 400 362 457 417
431 400 358 459 413
432 401 353 462 410
433 401 353 460 412
434 401 347 463 407
435 400 343 463 406
436 402 341 463 398
437 403 338 463 393
438 403 334 464 389
439 406 330 463 389
440 407 330 466 386
441 408 325 468 380
442 409 318 468 376
443 410 316 469 370
444 411 312 469 367
445 409 311 468 367
446 411 309 470 364
447 411 305 473 358
448 414 302 473 354
449 416 300 473 350
450 416 296 477 349
451 417 301 476 347
452 419 296 475 344
453 420 290 477 340
454 422 289 478 340
455 429 293 476 338
456 431 292 480 336
457 428 296 478 337
458 430 291 478 338
459 434 289 482 335
460 434 289 482 334
461 433 287 481 334
462 434 294 482 333
463 435 290 484 334
464 433 291 482 333
465 438 293 487 335
466 439 291 489 334
467 438 293 487 338
468 442 292 487 337
469 444 301 487 336
470 448 302 485 337
471 446 301 489 343
472 450 306 491 343
473 450 312 490 350
474 453 317 491 352
475 456 316 488 351
476 458 324 494 360
477 461 328 507 364
478 461 330 494 366
479 463 337 493 374
480 462 343 494 378
481 462 341 496 379
482 465 350 496 385
483 464 353 495 390
484 464 354 509 391
485 464 360 508 393
486 469 358 511 398
487 476 360 510 398
488 476 363 513 402
489 474 372 513 410
490 475 376 515 417
491 473 383 517 428
492 476 391 519 435
493 475 389 516 433
494 479 399 517 445
495 477 405 518 450
496 479 412 518 455
497 479 421 519 465
498 478 429 520 474
499 481 430 521 474
500 481 438 522 482
501 483 446 522 489
502 481 452 525 495
503 484 460 522 502
504 485 471 524 510
505 486 467 526 508
506 484 472 525 517
507 486 481 528 524
508 486 487 529 529
509 486 493 530 536
510 489 501 530 542
511 488 499 529 541
512 488 506 530 547
513 489 511 531 552
514 490 517 533 559
515 491 522 534 564
516 492 528 534 569
517 492 526 534 569
518 493 533 536 574
519 495 537 536 578
520 495 535 538 574
521 498 530 540 570
522 502 526 541 568
523 501 527 539 567
524 503 523 543 564
525 506 521 545 559
526 506 518 544 558
527 508 519 546 557
528 509 518 548 556
529 508 517 547 557
530 508 518 549 558
531 512 518 549 556
532 512 519 550 556
533 513 519 551 555
534 514 518 549 557
535 513 519 550 557
536 512 518 552 557
537 514 518 552 556
538 514 519 554 557
539 515 518 552 556
540 515 519 553 557
541 516 520 553 558
542 516 518 554 559
543 516 519 554 558
544 515 520 554 559
545 516 521 554 559
546 515 521 554 559
547 517 519 554 558
548 516 519 553 559
549 515 520 554 559
550 515 519 555 559
551 516 521 556 559
552 518 520 552 559
553 516 521 554 558
554 517 520 555 559
555 517 520 555 559
556 517 520 555 559
557 517 520 555 559
558 517 520 555 559
559 517 520 555 559
560 517 520 555 559
561 517 520 555 559
562 517 520 555 559
563 517 520 555 559
564 517 520 555 559
565 517 520 555 559
566 517 520 555 559
567 517 520 555 559
568 517 520 555 559