598 -1 -1 -1 -1
0 567 517 739 638
1 570 512 742 635
2 572 515 743 633
3 568 512 736 630
4 561 516 733 636
5 564 516 733 633
6 561 515 732 633
7 560 516 730 633
8 563 518 732 638
9 566 517 734 640
10 571 519 740 640
11 570 519 739 642
12 572 516 744 639
13 573 515 743 639
14 582 520 747 640
15 580 520 749 640
16 587 521 756 646
17 584 523 753 646
18 582 521 754 643
19 587 523 752 646
20 588 525 762 643
21 593 529 762 649
22 599 523 770 642
23 598 524 769 646
24 598 526 766 646
25 600 527 767 648
26 597 526 767 649
27 599 527 772 653
28 604 529 773 649
29 607 529 776 650
30 608 534 776 656
31 604 532 779 655
32 606 532 779 652
33 613 533 783 653
34 611 536 780 656
35 615 534 784 652
36 613 535 783 653
37 611 531 784 650
38 609 529 783 646
39 611 530 786 650
40 611 529 783 650
41 612 525 787 646
42 612 527 786 648
43 614 521 784 642
44 607 522 785 646
45 606 519 777 648
46 607 518 779 642
47 606 518 774 643
48 608 510 779 639
49 607 510 776 638
50 605 510 776 639
51 604 508 772 633
52 604 509 776 639
53 602 508 780 632
54 605 506 777 630
55 602 503 776 633
56 602 503 779 635
57 600 503 780 631
58 601 500 780 633
59 601 502 782 634
60 601 499 783 632
61 602 499 784 634
62 607 496 789 634
63 608 496 790 632
64 612 496 789 631
65 610 495 792 632
66 612 496 794 634
67 615 495 797 634
68 615 490 799 630
69 618 489 802 629
70 618 488 803 629
71 619 490 807 625
72 621 488 809 628
73 625 483 812 624
74 626 480 816 625
75 627 479 819 621
76 630 478 823 622
77 630 478 820 623
78 632 472 830 614
79 639 469 833 616
80 642 466 837 611
81 646 462 842 606
82 646 458 846 608
83 650 460 844 604
84 653 453 850 604
85 656 445 854 599
86 664 448 863 598
87 660 443 867 596
88 657 446 867 596
89 668 445 867 596
90 671 441 873 595
91 672 439 884 592
92 680 439 887 592
93 688 435 895 592
94 692 437 902 596
95 689 439 900 592
96 695 438 903 595
97 705 439 913 595
98 710 440 926 599
99 721 444 933 602
100 728 444 943 605
101 726 447 942 605
102 742 449 949 610
103 750 453 962 615
104 762 459 973 619
105 770 460 986 620
106 774 463 997 628
107 774 465 1000 625
108 785 466 1009 629
109 796 473 1023 630
110 810 469 1037 640
111 824 478 1050 643
112 831 479 1064 656
113 831 478 1062 649
114 843 484 1080 653
115 856 489 1092 662
116 875 491 1107 668
117 886 499 1120 670
118 898 499 1137 678
119 894 500 1134 680
120 909 500 1153 685
121 920 507 1166 693
122 937 510 1184 693
123 952 517 1197 699
124 959 521 1216 703
125 966 520 1212 710
126 976 526 1230 708
127 995 530 1243 715
128 1002 530 1263 716
129 1025 536 1277 718
130 1037 543 1280 719
131 1039 543 1280 720
132 1057 549 1280 720
133 1073 557 1280 719
134 1095 566 1280 720
135 1113 568 1280 720
136 1130 577 1280 720
137 1132 582 1280 720
138 1153 584 1280 720
139 1173 596 1280 720
140 1193 603 1280 720
141 1217 640 1280 720
142 1239 646 1280 720
143 1240 656 1280 720
144 1260 680 1280 720
210 890 322 964 390
211 887 324 966 392
212 889 322 964 392
213 890 326 967 395
214 890 326 970 395
215 892 324 969 393
216 890 328 969 395
217 893 325 969 395
218 891 326 970 396
219 893 327 970 396
220 893 327 972 398
221 892 330 972 398
222 895 330 974 399
223 896 329 974 398
224 900 330 974 399
225 898 331 976 400
226 902 329 976 399
227 903 330 977 399
228 900 333 976 400
229 901 333 977 399
230 903 330 980 399
231 907 329 979 396
232 905 328 982 395
233 904 327 983 396
234 904 327 980 395
235 904 324 980 392
236 908 323 986 390
237 908 321 983 386
238 908 319 982 383
239 911 318 986 388
240 911 319 983 382
241 913 314 986 380
242 909 310 986 375
243 911 313 989 373
244 911 306 987 372
245 914 310 989 373
246 915 305 987 369
247 916 305 990 369
248 915 303 990 365
249 915 301 990 363
250 918 299 992 365
251 917 299 994 363
252 918 299 992 362
253 919 297 994 360
254 918 300 994 360
255 921 300 996 360
256 921 298 997 362
257 923 300 996 362
258 922 299 996 359
259 922 297 997 359
260 925 298 997 359
261 926 297 997 358
262 928 296 999 360
263 926 297 999 359
264 928 297 999 360
265 926 298 1000 359
266 927 296 1000 359
267 928 297 1003 362
268 930 296 1003 359
269 931 298 1002 362
270 928 297 1003 360
271 932 299 1003 362
272 932 298 1009 362
273 933 300 1009 365
274 935 301 1009 369
275 932 301 1010 368
276 932 302 1012 366
277 934 301 1009 370
278 934 302 1009 368
279 935 304 1010 368
280 936 305 1013 372
281 935 305 1013 369
282 937 304 1013 370
283 937 306 1012 370
284 940 305 1013 372
285 941 306 1013 372
286 944 307 1012 372
287 941 306 1014 373
288 945 307 1013 373
289 944 309 1016 373
290 944 309 1016 376
291 944 310 1017 378
292 941 311 1016 378
293 946 313 1019 379
294 947 314 1016 378
295 947 315 1017 378
296 945 314 1020 380
297 950 316 1019 379
298 944 315 1019 380
299 945 316 1019 380
300 944 313 1019 382
301 945 314 1020 378
302 946 313 1020 382
303 945 314 1020 379
304 946 313 1022 379
305 946 314 1019 379
306 945 313 1020 378
307 946 310 1019 378
308 943 310 1020 379
309 945 311 1019 378
310 946 310 1020 375
311 945 311 1019 375
312 947 309 1020 375
313 948 308 1017 372
314 951 306 1017 372
315 944 307 1022 372
316 947 305 1019 372
317 943 306 1017 372
318 946 306 1020 370
319 945 304 1019 370
320 945 302 1017 366
321 950 300 1019 365
322 947 297 1016 362
323 950 295 1017 362
324 943 294 1019 358
325 946 291 1014 352
326 944 289 1014 349
327 944 283 1016 349
328 945 281 1012 343
329 946 282 1014 343
330 941 277 1012 339
331 942 273 1013 336
332 942 270 1014 333
333 944 261 1010 328
334 944 261 1017 325
335 944 259 1013 323
336 942 256 1014 318
337 940 249 1014 315
338 941 248 1014 310
339 942 242 1014 306
340 944 237 1012 302
341 940 239 1010 302
342 944 233 1012 299
343 940 230 1012 296
344 942 226 1010 292
345 942 223 1010 286
346 941 218 1012 285
347 942 217 1012 282
348 941 213 1012 279
349 941 211 1010 275
350 940 207 1009 270
351 939 204 1009 269
352 941 199 1010 266
353 939 199 1009 268
354 939 193 1010 263
355 940 193 1009 259
356 940 191 1009 255
357 937 187 1007 253
358 939 186 1004 248
359 936 185 1007 250
360 937 183 1007 245
361 938 178 1006 243
362 937 175 1004 242
363 937 173 1002 233
364 935 172 1002 235
365 933 173 1002 232
366 932 170 1000 230
367 935 165 1000 226
368 933 163 999 225
369 929 161 997 226
370 929 160 996 223
371 931 161 994 222
372 929 159 996 220
373 929 155 992 219
374 927 155 990 215
375 924 150 990 213
376 927 148 992 213
377 926 149 989 212
378 925 147 987 212
379 922 147 987 205
380 921 143 986 208
381 921 143 984 206
382 919 142 982 203
383 920 142 984 202
384 918 139 980 202
385 915 140 977 199
386 916 140 976 202
387 916 139 973 198
388 913 137 973 198
389 912 138 974 195
390 909 137 970 195
391 909 136 970 195
392 907 136 967 195
393 914 136 964 190
394 907 132 963 192
395 915 135 964 193
396 908 133 959 192
397 906 135 959 189
398 907 133 956 188
399 903 132 954 189
400 900 133 953 189
401 902 132 952 189
402 897 132 950 189
403 892 134 949 188
404 890 134 946 192
405 892 135 944 190
406 892 135 943 190
407 888 137 943 188
408 886 136 940 190
409 888 136 937 190
410 886 137 936 190
411 884 138 936 188
412 877 138 933 190
413 882 141 936 193
414 878 140 933 193
415 878 145 930 193
416 871 145 929 199
417 872 152 926 202
418 869 156 924 209
419 872 158 924 209
420 867 162 920 212
421 865 171 916 218
422 868 179 916 223
423 867 186 914 229
424 862 189 913 233
425 861 189 912 235
426 858 183 907 229
427 855 178 902 225
428 848 179 896 222
429 844 173 889 216
430 839 174 884 215
431 841 171 886 215
432 835 176 880 219
433 832 177 879 219
434 830 178 873 220
435 824 182 870 222
436 822 182 867 228
437 821 183 869 225
438 822 185 862 226
439 815 187 859 226
440 814 185 859 228
441 810 189 857 229
442 808 191 852 229
443 807 191 847 230
444 804 193 847 233
445 803 192 843 233
446 799 195 843 238
447 794 195 840 239
448 794 197 837 239
449 792 198 837 242
450 789 196 836 242
451 785 200 832 242
452 785 203 829 245
453 782 200 826 246
454 778 203 823 246
455 779 203 824 246
456 778 206 822 248
457 773 209 819 249
458 771 208 816 250
459 769 210 813 253
460 765 209 812 255
461 766 211 810 253
462 763 209 809 255
463 761 214 803 256
464 758 215 803 258
465 753 217 800 260
466 751 218 797 260
467 754 216 799 260
468 752 219 797 260
469 750 219 796 262
470 746 218 793 265
471 741 221 792 266
472 742 221 789 266
473 742 223 790 268
474 740 223 784 269
475 736 223 783 269
476 737 224 782 272
477 731 224 780 272
478 729 225 776 275
479 730 228 777 275
480 729 227 776 272
481 727 230 776 278
482 724 231 770 276
483 721 233 769 276
484 722 233 766 279
485 721 234 766 279
486 718 234 764 280
487 719 235 762 282
488 713 237 760 283
489 711 237 760 283
490 712 236 756 283
491 710 238 757 285
492 708 240 754 286
493 707 238 752 285
494 704 241 752 288
495 704 241 750 288
496 700 244 749 289
497 701 245 747 290
498 698 245 747 292
499 698 248 743 293
500 697 248 743 292
501 693 248 740 296
502 691 250 740 295
503 690 250 740 296
504 690 251 736 293
505 691 251 734 295
506 688 251 734 298
507 687 255 732 296
508 686 254 730 299
509 686 255 729 298
510 685 255 729 299
511 683 256 727 302
512 683 257 726 299
513 677 258 724 300
514 676 259 723 302
515 676 260 722 305
516 675 259 722 306
517 674 259 720 306
518 671 262 720 309
519 671 261 719 309
520 671 263 717 309
521 668 264 717 309
522 667 264 714 308
523 668 264 716 310
524 666 267 713 313
525 664 266 714 312
526 663 268 710 316
527 663 267 709 315
528 664 268 709 314
529 662 271 707 315
530 661 271 707 315
531 661 270 707 318
532 661 269 704 318
533 662 272 704 316
534 658 273 702 319
535 660 272 703 319
536 658 275 700 319
537 657 274 700 322
538 656 272 700 322
539 655 275 700 325
540 655 276 700 323
541 653 275 699 325
542 654 276 697 323
543 657 277 700 325
544 652 279 700 322
545 655 278 697 323
546 652 278 696 323
547 654 278 694 322
548 650 280 693 325
549 651 279 692 325
550 652 278 693 325
551 652 282 693 325
552 650 280 694 323
553 650 281 693 325
554 650 283 690 325
555 649 286 690 326
556 647 281 692 323
557 649 286 694 325
558 648 285 689 326
559 649 284 693 325
560 645 282 689 330
561 647 286 690 329
562 647 285 689 330
563 647 287 690 326
564 648 284 689 328
565 646 287 690 329
566 645 287 689 329
567 645 286 687 330
568 645 285 686 328
569 645 285 686 328
570 645 285 686 328
571 645 285 686 328
572 645 285 686 328
573 645 285 686 328
574 645 285 686 328
575 645 285 686 328
576 645 285 686 328
577 645 285 686 328
578 645 285 686 328
579 645 285 686 328
580 645 285 686 328
581 645 285 686 328
582 645 285 686 328
583 645 285 686 328
584 645 285 686 328
585 645 285 686 328
586 645 285 686 328
587 645 285 686 328
588 645 285 686 328
589 645 285 686 328
590 645 285 686 328
591 645 285 686 328
592 645 285 686 328
593 645 285 686 328
594 645 285 686 328
595 645 285 686 328
596 645 285 686 328
597 645 285 686 328