216 -1 -1 -1 -1
0 431 304 503 377
1 431 301 506 375
2 431 298 505 367
3 430 296 506 369
4 431 295 505 363
5 431 293 507 364
6 431 290 507 363
7 430 289 506 359
8 431 289 505 356
9 432 287 505 359
10 431 286 506 357
11 431 286 505 357
12 431 284 503 359
13 432 285 505 357
14 430 285 505 351
15 432 284 505 354
16 433 284 505 354
17 433 284 506 351
18 432 285 506 352
19 433 286 505 351
20 432 288 506 353
21 433 287 506 355
22 434 285 506 351
23 434 286 506 355
24 435 288 506 355
25 435 288 506 351
26 435 286 504 354
27 437 289 506 356
28 435 289 506 353
29 439 289 506 357
30 438 291 505 355
31 436 290 506 354
32 436 290 503 353
33 436 290 506 354
34 436 290 506 355
35 437 289 507 354
36 433 289 508 352
37 442 289 506 349
38 441 286 502 350
39 443 285 506 349
40 442 286 509 347
41 443 285 510 349
42 444 283 507 346
43 442 280 507 344
44 446 278 507 340
45 445 274 506 335
46 446 273 508 336
47 446 274 508 334
48 446 270 509 333
49 444 266 511 331
50 443 263 511 326
51 446 261 509 322
52 449 258 511 320
53 444 257 509 321
54 446 254 511 318
55 448 251 511 316
56 450 247 511 313
57 453 245 511 307
58 453 242 512 306
59 453 241 510 303
60 453 239 511 302
61 454 237 513 300
62 451 234 512 298
63 452 232 514 290
64 453 228 512 282
65 455 228 512 280
66 458 227 515 288
67 454 224 514 288
68 454 223 515 284
69 455 222 517 285
70 456 221 518 278
71 457 220 519 279
72 457 219 519 283
73 460 220 520 278
74 460 221 519 277
75 464 219 520 275
76 464 219 520 275
77 464 217 520 276
78 462 220 521 271
79 466 218 522 272
80 466 217 526 273
81 466 215 525 269
82 466 213 525 269
83 467 214 525 268
84 469 212 525 268
85 469 214 527 267
86 468 214 529 268
87 471 212 529 268
88 471 212 531 267
89 474 212 531 267
90 473 213 532 267
91 475 213 531 266
92 475 213 533 266
93 475 214 534 267
94 476 213 532 267
95 478 213 532 267
96 479 214 532 269
97 480 215 532 267
98 480 216 533 267
99 483 217 534 270
100 482 218 535 269
101 484 218 536 269
102 485 217 536 270
103 486 219 535 273
104 487 220 536 272
105 487 219 538 271
106 488 223 539 274
107 486 220 538 273
108 489 223 537 273
109 490 224 539 274
110 490 225 539 277
111 490 226 538 276
112 491 229 540 278
113 491 229 539 279
114 490 231 541 279
115 492 232 541 282
116 493 231 542 283
117 494 217 544 266
118 493 202 542 253
119 496 202 546 254
120 497 190 547 236
121 499 176 545 221
122 499 163 549 212
123 499 152 547 201
124 501 140 548 190
125 501 141 544 188
126 503 132 548 179
127 504 122 549 170
128 506 113 551 159
129 503 103 554 150
130 506 94 551 140
131 507 96 553 141
132 506 89 554 135
133 506 85 554 132
134 505 85 552 132
135 505 85 552 132
136 505 85 552 132
137 505 85 552 132
138 505 85 552 132
139 505 85 552 132
140 505 85 552 132
141 505 85 552 132
142 505 85 552 132
143 505 85 552 132
144 505 85 552 132
145 505 85 552 132
146 505 85 552 132
147 505 85 552 132
148 505 85 552 132
149 505 85 552 132
150 505 85 552 132
151 505 85 552 132
152 505 85 552 132
153 505 85 552 132
154 505 85 552 132
155 505 85 552 132
156 505 85 552 132
157 505 85 552 132
158 505 85 552 132
159 505 85 552 132
160 505 85 552 132
161 505 85 552 132
162 505 85 552 132
163 505 85 552 132
164 505 85 552 132
165 505 85 552 132
166 505 85 552 132
167 505 85 552 132
168 505 85 552 132
169 505 85 552 132
170 505 85 552 132
171 505 85 552 132
172 505 85 552 132
173 505 85 552 132
174 505 85 552 132
175 505 85 552 132
176 505 85 552 132
177 505 85 552 132
178 505 85 552 132
179 505 85 552 132
180 505 85 552 132
181 505 85 552 132
182 505 85 552 132
183 505 85 552 132
184 505 85 552 132
185 505 85 552 132
186 505 85 552 132
187 505 85 552 132
188 505 85 552 132
189 505 85 552 132
190 505 85 552 132
191 505 85 552 132
192 505 85 552 132
193 505 85 552 132
194 505 85 552 132
195 505 85 552 132
196 505 85 552 132
197 505 85 552 132
198 505 85 552 132
199 505 85 552 132
200 505 85 552 132
201 505 85 552 132
202 505 85 552 132
203 505 85 552 132
204 505 85 552 132
205 505 85 552 132
206 505 85 552 132
207 505 85 552 132
208 505 85 552 132
209 505 85 552 132
210 505 85 552 132
211 505 85 552 132
212 505 85 552 132
213 505 85 552 132
214 505 85 552 132
215 505 85 552 132