522 -1 -1 -1 -1
0 767 443 850 513
1 766 443 852 510
2 769 443 852 513
3 769 442 850 512
4 766 440 852 509
5 766 440 852 510
6 769 439 852 510
7 769 438 852 508
8 770 438 853 510
9 766 435 853 508
10 770 435 853 508
11 769 436 853 506
12 770 435 852 506
13 770 433 852 505
14 770 435 852 508
15 770 433 853 509
16 770 433 854 508
17 772 432 854 506
18 769 432 854 505
19 769 432 854 506
20 772 430 853 505
21 772 433 853 505
22 772 430 852 503
23 772 430 853 505
24 770 430 853 505
25 772 429 853 506
26 770 429 853 506
27 770 430 850 506
28 770 429 852 506
29 770 429 852 508
30 772 433 852 506
31 770 430 853 508
32 770 432 854 505
33 770 435 850 508
34 770 436 853 508
35 772 435 853 510
36 769 435 849 509
37 766 436 854 508
38 766 436 854 508
39 766 436 852 508
40 766 440 849 508
41 766 443 854 510
42 767 444 853 510
43 767 444 852 510
44 767 444 854 512
45 767 444 852 512
46 768 444 852 512
47 768 444 852 512
48 768 444 853 513
49 768 445 854 513
50 768 446 852 513
51 768 446 853 513
52 769 445 854 515
53 770 444 854 515
54 770 443 854 513
55 771 442 856 512
56 771 442 856 512
57 773 442 857 510
58 770 441 856 510
59 770 438 856 509
60 772 436 854 508
61 774 434 857 508
62 771 435 857 506
63 773 431 859 505
64 773 427 859 502
65 773 425 859 502
66 772 424 863 499
67 775 419 862 498
68 773 422 860 499
69 776 421 862 496
70 774 416 864 498
71 778 416 863 492
72 779 413 863 490
73 778 410 863 488
74 783 410 862 488
75 779 409 862 488
76 779 407 860 485
77 769 405 862 479
78 771 403 862 476
79 772 403 862 476
80 772 402 862 476
81 773 400 859 475
82 773 396 863 476
83 772 397 860 476
84 768 397 859 470
85 770 395 860 469
86 770 394 860 469
87 772 394 859 465
88 772 393 859 466
89 772 392 859 468
90 773 390 857 463
91 774 389 856 460
92 778 389 857 463
93 769 391 854 460
94 769 390 856 462
95 767 386 857 460
96 770 384 853 459
97 769 387 853 456
98 771 384 856 458
99 771 385 856 458
100 767 383 853 456
101 765 383 850 455
102 767 384 850 456
103 764 382 850 455
104 765 384 850 455
105 761 381 849 453
106 762 381 847 455
107 767 381 850 452
108 766 378 849 450
109 764 377 850 450
110 765 377 850 450
111 771 375 847 449
112 774 375 846 448
113 773 374 845 450
114 772 375 847 449
115 769 373 843 449
116 769 373 846 449
117 763 371 844 449
118 761 371 844 450
119 759 372 843 449
120 758 367 842 448
121 754 368 843 443
122 756 369 840 446
123 757 368 839 443
124 755 366 839 443
125 756 365 839 443
126 753 361 837 438
127 754 362 837 435
128 754 360 834 438
129 753 358 834 435
130 753 358 832 432
131 750 355 830 428
132 751 355 830 425
133 748 350 832 423
134 751 348 832 425
135 746 347 830 420
136 748 348 827 416
137 744 341 829 415
138 749 338 827 410
139 747 340 826 406
140 745 339 827 408
141 743 333 827 403
142 744 332 822 400
143 744 328 823 398
144 743 322 822 392
145 743 320 824 388
146 742 320 820 388
147 741 317 822 386
148 742 312 819 382
149 739 308 820 380
150 739 307 819 375
151 739 305 820 373
152 736 304 816 375
153 736 300 816 368
154 738 297 814 365
155 735 295 812 365
156 733 291 812 360
157 735 290 809 358
158 732 289 810 358
159 733 287 812 355
160 731 285 807 352
161 731 280 806 348
162 728 281 807 348
163 724 275 809 343
164 725 278 806 348
165 730 274 807 342
166 727 276 804 339
167 725 272 804 336
168 725 272 800 336
169 725 269 802 335
170 725 268 799 336
171 722 268 797 333
172 726 264 797 333
173 718 263 798 328
174 717 261 794 329
175 720 264 796 326
176 720 260 798 326
177 722 261 797 325
178 721 259 794 322
179 720 257 792 323
180 717 257 790 323
181 716 255 792 322
182 716 255 792 322
183 717 253 789 320
184 717 253 790 319
185 714 253 787 318
186 713 251 787 315
187 714 252 784 315
188 713 251 783 316
189 711 248 784 315
190 713 248 783 315
191 710 248 783 312
192 712 247 782 310
193 709 247 782 312
194 708 247 780 309
195 707 244 780 309
196 706 242 777 310
197 704 243 776 308
198 703 242 776 308
199 705 243 776 303
200 705 243 772 303
201 700 242 777 306
202 701 243 770 303
203 702 241 769 306
204 703 239 769 305
205 703 236 770 302
206 700 240 770 303
207 700 240 772 302
208 699 240 767 305
209 698 237 766 300
210 697 238 767 300
211 695 237 767 300
212 695 239 764 299
213 698 237 764 298
214 694 235 762 298
215 695 235 759 298
216 693 235 762 298
217 692 234 759 298
218 690 233 757 295
219 691 231 757 293
220 689 230 759 292
221 689 228 753 289
222 690 226 753 286
223 685 223 756 285
224 687 224 752 283
225 688 220 752 280
226 684 219 752 279
227 685 215 750 275
228 683 211 754 272
229 684 210 749 270
230 684 211 750 270
231 683 207 750 269
232 683 204 747 263
233 682 200 746 262
234 683 198 746 258
235 679 194 747 256
236 680 196 744 256
237 678 193 747 252
238 680 189 744 249
239 676 188 744 248
240 678 185 740 245
241 677 182 740 240
242 676 180 740 243
243 676 181 742 240
244 675 176 742 236
245 675 176 739 235
246 674 174 736 236
247 671 170 737 230
248 671 169 734 232
249 672 166 736 229
250 671 166 732 228
251 669 165 732 225
252 667 163 733 223
253 667 161 732 220
254 670 161 732 220
255 669 161 730 222
256 666 159 727 218
257 668 158 729 219
258 664 156 727 215
259 662 157 727 215
260 664 156 727 213
261 661 153 726 213
262 663 152 722 210
263 660 151 723 212
264 657 152 723 209
265 658 149 720 206
266 658 148 720 206
267 658 149 719 206
268 658 146 720 206
269 657 145 717 205
270 656 146 717 203
271 657 143 716 205
272 656 144 716 200
273 652 143 713 202
274 655 143 713 202
275 654 144 714 199
276 652 143 710 200
277 652 143 707 199
278 653 143 710 202
279 649 144 707 199
280 651 146 707 199
281 652 146 709 200
282 649 149 706 203
283 648 151 706 206
284 646 150 704 205
285 648 153 702 206
286 649 153 706 209
287 649 160 704 212
288 646 163 699 218
289 648 163 702 219
290 650 165 704 218
291 652 165 704 218
292 653 164 707 220
293 655 167 710 220
294 657 169 713 223
295 660 171 717 223
296 662 172 717 223
297 664 172 719 226
298 665 176 719 228
299 666 179 724 232
300 670 179 726 233
301 671 183 727 236
302 671 184 729 235
303 670 185 730 236
304 675 187 732 239
305 678 190 736 241
306 682 190 737 242
307 682 194 737 245
308 684 193 737 246
309 685 195 742 246
310 686 196 742 249
311 692 198 743 249
312 692 196 749 250
313 696 199 750 252
314 693 200 750 252
315 696 200 752 253
316 697 203 754 254
317 703 204 756 256
318 706 205 759 256
319 707 204 762 258
320 708 206 760 258
321 709 206 762 259
322 712 210 764 260
323 715 208 769 260
324 717 211 769 260
325 718 211 770 262
326 720 210 770 263
327 719 211 774 265
328 719 212 774 263
329 725 213 776 265
330 726 214 777 262
331 726 212 780 265
332 725 214 779 263
333 728 215 780 265
334 730 213 782 265
335 732 214 784 263
336 734 214 789 266
337 733 216 789 265
338 738 216 789 265
339 739 217 790 263
340 742 219 793 268
341 744 221 793 269
342 747 223 794 269
343 750 224 797 270
344 748 225 793 270
345 747 226 797 272
346 749 227 800 276
347 748 229 799 279
348 751 231 799 280
349 751 234 799 285
350 751 237 800 285
351 753 241 800 289
352 754 246 802 293
353 756 252 802 293
354 757 258 803 300
355 755 261 802 305
356 756 257 803 303
357 760 263 804 305
358 754 269 804 312
359 757 268 806 312
360 758 271 804 312
361 757 268 807 312
362 759 268 804 312
363 759 268 803 312
364 758 268 804 312
365 758 268 804 312
366 758 270 802 310
367 761 268 803 309
368 759 269 803 312
369 763 268 803 309
370 762 268 804 309
371 764 265 804 309
372 764 268 806 308
373 765 267 803 306
374 764 267 803 306
375 767 268 803 306
376 764 265 807 308
377 766 266 803 309
378 765 263 806 309
379 766 266 807 306
380 767 265 809 308
381 768 268 806 308
382 767 265 807 308
383 769 265 807 305
384 768 264 809 309
385 769 265 807 305
386 769 265 807 305
387 769 265 807 305
388 769 265 807 305
389 769 265 807 305
390 769 265 807 305
391 769 265 807 305
392 769 265 807 305
393 769 265 807 305
394 769 265 807 305
395 769 265 807 305
396 769 265 807 305
397 769 265 807 305
398 769 265 807 305
399 769 265 807 305
400 769 265 807 305
401 769 265 807 305
402 769 265 807 305
403 769 265 807 305
404 769 265 807 305
405 769 265 807 305
406 769 265 807 305
407 769 265 807 305
408 769 265 807 305
409 769 265 807 305
410 769 265 807 305
411 769 265 807 305
412 769 265 807 305
413 769 265 807 305
414 769 265 807 305
415 769 265 807 305
416 769 265 807 305
417 769 265 807 305
418 769 265 807 305
419 769 265 807 305
420 769 265 807 305
421 769 265 807 305
422 769 265 807 305
423 769 265 807 305
424 769 265 807 305
425 769 265 807 305
426 769 265 807 305
427 769 265 807 305
428 769 265 807 305
429 769 265 807 305
430 769 265 807 305
431 769 265 807 305
432 769 265 807 305
433 769 265 807 305
434 769 265 807 305
435 769 265 807 305
436 769 265 807 305
437 769 265 807 305
438 769 265 807 305
439 769 265 807 305
440 769 265 807 305
441 769 265 807 305
442 769 265 807 305
443 769 265 807 305
444 769 265 807 305
445 769 265 807 305
446 769 265 807 305
447 769 265 807 305
448 769 265 807 305
449 769 265 807 305
450 769 265 807 305
451 769 265 807 305
452 769 265 807 305
453 769 265 807 305
454 769 265 807 305
455 769 265 807 305
456 769 265 807 305
457 769 265 807 305
458 769 265 807 305
459 769 265 807 305
460 769 265 807 305
461 769 265 807 305
462 769 265 807 305
463 769 265 807 305
464 769 265 807 305
465 769 265 807 305
466 769 265 807 305
467 769 265 807 305
468 769 265 807 305
469 769 265 807 305
470 769 265 807 305
471 769 265 807 305
472 769 265 807 305
473 769 265 807 305
474 769 265 807 305
475 769 265 807 305
476 769 265 807 305
477 769 265 807 305
478 769 265 807 305
479 769 265 807 305
480 769 265 807 305
481 769 265 807 305
482 769 265 807 305
483 769 265 807 305
484 769 265 807 305
485 769 265 807 305
486 769 265 807 305
487 769 265 807 305
488 769 265 807 305
489 769 265 807 305
490 769 265 807 305
491 769 265 807 305
492 769 265 807 305
493 769 265 807 305
494 769 265 807 305
495 769 265 807 305
496 769 265 807 305
497 769 265 807 305
498 769 265 807 305
499 769 265 807 305
500 769 265 807 305
501 769 265 807 305
502 769 265 807 305
503 769 265 807 305
504 769 265 807 305
505 769 265 807 305
506 769 265 807 305
507 769 265 807 305
508 769 265 807 305
509 769 265 807 305
510 769 265 807 305
511 769 265 807 305
512 769 265 807 305
513 769 265 807 305
514 769 265 807 305
515 769 265 807 305
516 769 265 807 305
517 769 265 807 305
518 769 265 807 305
519 769 265 807 305
520 769 265 807 305
521 769 265 807 305