337 -1 -1 -1 -1
0 656 328 730 393
1 655 329 731 393
2 655 328 732 391
3 655 327 731 391
4 656 325 732 389
5 656 326 731 388
6 658 321 732 386
7 659 321 733 385
8 657 320 732 384
9 658 319 734 384
10 658 315 734 381
11 658 314 734 380
12 657 311 731 379
13 659 312 733 377
14 657 309 733 375
15 658 308 732 375
16 659 309 734 374
17 659 307 731 374
18 659 304 734 374
19 660 302 734 370
20 660 303 734 369
21 659 303 734 369
22 662 302 734 367
23 661 300 735 369
24 661 302 736 366
25 661 301 735 366
26 662 298 735 364
27 662 298 736 360
28 663 298 736 362
29 664 297 736 362
30 663 296 735 362
31 664 298 736 363
32 664 297 737 361
33 665 295 734 362
34 663 295 735 362
35 664 295 738 362
36 662 297 737 359
37 660 296 735 362
38 660 297 737 359
39 659 296 738 359
40 660 296 737 360
41 659 297 738 360
42 662 297 736 359
43 661 296 737 360
44 664 296 739 363
45 667 297 739 361
46 667 296 739 362
47 669 296 739 363
48 669 296 740 359
49 668 297 739 360
50 669 296 739 360
51 670 298 740 362
52 671 297 739 361
53 670 297 739 362
54 671 297 737 359
55 671 297 738 363
56 671 297 740 360
57 671 297 741 364
58 671 300 742 363
59 671 300 741 363
60 673 299 741 362
61 674 300 741 362
62 675 298 742 362
63 675 297 741 362
64 676 296 742 361
65 675 297 742 359
66 682 296 743 360
67 683 296 743 361
68 678 296 743 363
69 680 297 743 361
70 679 298 744 364
71 683 297 744 363
72 678 295 742 360
73 680 293 743 359
74 683 293 742 355
75 679 293 743 355
76 680 292 743 355
77 681 293 744 357
78 682 292 744 359
79 682 291 743 357
80 682 293 742 351
81 686 290 746 352
82 687 291 744 350
83 686 288 743 351
84 685 287 744 352
85 684 286 744 352
86 681 287 746 350
87 684 286 745 350
88 682 286 744 347
89 682 286 742 347
90 680 286 745 347
91 679 283 739 345
92 680 284 744 347
93 681 282 745 348
94 681 280 744 342
95 680 279 747 344
96 681 280 742 339
97 681 275 745 339
98 682 275 744 341
99 685 276 743 336
100 688 270 744 330
101 686 272 744 336
102 688 273 748 326
103 684 266 745 326
104 688 263 749 328
105 686 261 747 322
106 689 259 746 321
107 692 258 749 322
108 689 257 748 319
109 689 253 744 313
110 690 251 749 312
111 687 247 747 307
112 687 243 746 307
113 689 242 749 308
114 690 239 749 300
115 687 236 749 298
116 687 234 749 298
117 687 229 749 291
118 687 227 750 290
119 687 227 749 288
120 689 224 749 284
121 690 219 751 280
122 689 214 750 280
123 691 212 752 277
124 694 209 749 271
125 689 207 751 270
126 693 205 751 268
127 690 201 751 267
128 689 197 750 264
129 691 193 749 257
130 688 191 751 257
131 689 193 748 255
132 688 190 750 252
133 688 187 749 251
134 687 184 745 248
135 688 182 750 247
136 687 181 750 242
137 688 181 749 244
138 689 180 748 240
139 689 178 746 240
140 689 177 746 238
141 689 175 744 240
142 687 175 744 236
143 688 175 744 236
144 689 174 745 234
145 688 173 743 233
146 687 173 744 234
147 689 176 744 236
148 688 173 745 232
149 688 174 746 234
150 688 175 745 233
151 687 173 744 233
152 687 176 744 234
153 687 176 744 236
154 687 176 743 234
155 686 176 743 234
156 685 178 742 234
157 686 178 741 235
158 684 179 742 238
159 684 181 740 236
160 684 182 740 237
161 683 182 740 236
162 683 182 738 237
163 685 184 739 239
164 684 185 738 241
165 684 188 739 242
166 683 190 738 245
167 683 190 738 244
168 684 192 737 247
169 683 194 737 246
170 684 197 737 250
171 684 201 732 250
172 684 204 731 253
173 684 204 730 255
174 682 208 730 259
175 681 211 730 264
176 680 216 728 266
177 682 221 729 269
178 683 226 730 275
179 681 222 729 274
180 684 232 729 279
181 681 235 730 283
182 682 241 730 289
183 682 248 727 295
184 680 255 729 305
185 679 255 728 303
186 681 264 728 312
187 680 274 727 322
188 681 285 727 331
189 682 298 726 344
190 682 309 727 358
191 681 310 728 356
192 681 322 727 371
193 681 332 728 383
194 679 345 728 395
195 682 359 726 405
196 682 369 730 417
197 682 370 727 416
198 682 381 730 429
199 684 394 729 442
200 682 401 727 453
201 683 418 729 464
202 682 430 730 475
203 683 431 730 474
204 682 443 729 488
205 684 453 731 501
206 686 463 732 512
207 687 474 732 524
208 685 490 731 534
209 687 489 732 535
210 685 491 731 536
211 686 491 730 538
212 685 492 730 539
213 684 493 730 538
214 685 492 731 537
215 685 493 731 539
216 682 492 730 539
217 682 492 730 539
218 682 492 730 539
219 682 492 730 539
220 682 492 730 539
221 682 492 730 539
222 682 492 730 539
223 682 492 730 539
224 682 492 730 539
225 682 492 730 539
226 682 492 730 539
227 682 492 730 539
228 682 492 730 539
229 682 492 730 539
230 682 492 730 539
231 682 492 730 539
232 682 492 730 539
233 682 492 730 539
234 682 492 730 539
235 682 492 730 539
236 682 492 730 539
237 682 492 730 539
238 682 492 730 539
239 682 492 730 539
240 682 492 730 539
241 682 492 730 539
242 682 492 730 539
243 682 492 730 539
244 682 492 730 539
245 682 492 730 539
246 682 492 730 539
247 682 492 730 539
248 682 492 730 539
249 682 492 730 539
250 682 492 730 539
251 682 492 730 539
252 682 492 730 539
253 682 492 730 539
254 682 492 730 539
255 682 492 730 539
256 682 492 730 539
257 682 492 730 539
258 682 492 730 539
259 682 492 730 539
260 682 492 730 539
261 682 492 730 539
262 682 492 730 539
263 682 492 730 539
264 682 492 730 539
265 682 492 730 539
266 682 492 730 539
267 682 492 730 539
268 682 492 730 539
269 682 492 730 539
270 682 492 730 539
271 682 492 730 539
272 682 492 730 539
273 682 492 730 539
274 682 492 730 539
275 682 492 730 539
276 682 492 730 539
277 682 492 730 539
278 682 492 730 539
279 682 492 730 539
280 682 492 730 539
281 682 492 730 539
282 682 492 730 539
283 682 492 730 539
284 682 492 730 539
285 682 492 730 539
286 682 492 730 539
287 682 492 730 539
288 682 492 730 539
289 682 492 730 539
290 682 492 730 539
291 682 492 730 539
292 682 492 730 539
293 682 492 730 539
294 682 492 730 539
295 682 492 730 539
296 682 492 730 539
297 682 492 730 539
298 682 492 730 539
299 682 492 730 539
300 682 492 730 539
301 682 492 730 539
302 682 492 730 539
303 682 492 730 539
304 682 492 730 539
305 682 492 730 539
306 682 492 730 539
307 682 492 730 539
308 682 492 730 539
309 682 492 730 539
310 682 492 730 539
311 682 492 730 539
312 682 492 730 539
313 682 492 730 539
314 682 492 730 539
315 682 492 730 539
316 682 492 730 539
317 682 492 730 539
318 682 492 730 539
319 682 492 730 539
320 682 492 730 539
321 682 492 730 539
322 682 492 730 539
323 682 492 730 539
324 682 492 730 539
325 682 492 730 539
326 682 492 730 539
327 682 492 730 539
328 682 492 730 539
329 682 492 730 539
330 682 492 730 539
331 682 492 730 539
332 682 492 730 539
333 682 492 730 539
334 682 492 730 539
335 682 492 730 539
336 682 492 730 539
