632 -1 -1 -1 -1
0 748 273 821 338
1 747 275 821 337
2 745 276 823 336
3 747 277 821 336
4 745 277 822 336
5 744 277 818 336
6 745 276 817 336
7 745 276 817 336
8 744 276 814 336
9 743 276 816 337
10 743 276 815 337
11 742 272 813 337
12 742 275 813 336
13 740 275 812 337
14 740 273 814 337
15 740 273 811 336
16 740 273 812 336
17 740 273 810 337
18 739 274 811 336
19 740 274 811 336
20 738 273 810 336
21 738 273 813 336
22 737 273 811 337
23 738 273 810 338
24 737 273 811 338
25 738 272 810 339
26 739 274 812 340
27 739 274 810 339
28 738 274 812 337
29 737 274 811 338
30 738 274 810 340
31 737 275 809 340
32 737 273 810 341
33 737 275 809 340
34 737 275 809 339
35 737 274 810 341
36 737 275 809 343
37 736 276 808 343
38 737 277 808 345
39 737 278 809 343
40 736 279 809 345
41 736 278 809 347
42 735 279 809 348
43 734 280 808 347
44 736 282 806 349
45 736 281 806 352
46 735 283 806 350
47 735 284 806 352
48 735 284 807 354
49 733 287 808 355
50 735 287 808 355
51 735 287 806 355
52 735 287 808 358
53 734 291 809 359
54 734 292 807 359
55 734 293 806 360
56 732 293 809 362
57 735 294 809 362
58 735 295 808 363
59 735 296 808 363
60 734 296 807 364
61 734 297 808 365
62 734 300 808 366
63 735 298 808 368
64 734 300 809 367
65 733 302 810 367
66 733 304 808 371
67 734 304 808 371
68 733 305 808 372
69 734 307 809 372
70 733 307 809 375
71 733 307 811 375
72 730 308 810 374
73 732 310 810 378
74 733 312 810 377
75 732 312 809 376
76 730 313 809 378
77 731 314 810 378
78 730 313 810 382
79 731 315 808 380
80 730 314 807 381
81 730 315 808 380
82 730 315 807 383
83 729 316 806 383
84 729 318 808 383
85 728 318 806 383
86 729 317 806 383
87 729 317 805 384
88 729 318 805 383
89 727 318 803 383
90 727 315 804 383
91 726 317 804 383
92 726 316 803 383
93 726 317 804 383
94 725 315 802 381
95 726 314 802 381
96 725 311 801 381
97 722 311 800 379
98 724 310 800 377
99 722 311 798 378
100 721 310 799 378
101 721 307 798 377
102 721 308 796 375
103 722 308 797 376
104 721 306 796 374
105 720 307 797 375
106 720 306 798 374
107 719 306 794 373
108 718 305 795 373
109 718 304 794 374
110 718 303 795 374
111 715 302 792 376
112 717 302 793 373
113 717 301 791 371
114 716 302 793 370
115 715 301 792 370
116 714 300 789 368
117 713 300 791 367
118 713 299 788 366
119 713 297 785 367
120 712 298 785 364
121 711 296 784 367
122 709 296 784 363
123 708 296 784 364
124 708 295 782 363
125 709 294 783 364
126 707 292 782 360
127 707 292 780 359
128 707 290 779 358
129 705 291 781 358
130 706 291 781 356
131 706 288 778 355
132 703 286 778 355
133 704 284 776 353
134 703 284 776 353
135 704 285 777 350
136 701 281 777 349
137 702 281 773 349
138 702 278 773 346
139 700 275 773 342
140 699 272 774 340
141 700 272 772 340
142 699 270 771 339
143 697 269 771 335
144 698 267 770 335
145 697 265 769 333
146 697 262 768 330
147 696 262 768 328
148 695 261 768 328
149 694 259 768 325
150 695 257 765 320
151 693 254 765 321
152 694 252 765 319
153 692 251 764 319
154 692 250 764 316
155 693 249 763 314
156 691 247 761 314
157 692 244 762 312
158 689 243 761 308
159 689 241 763 312
160 689 242 758 307
161 686 243 757 307
162 686 240 758 307
163 687 238 757 307
164 685 236 755 302
165 686 237 755 305
166 685 236 756 304
167 686 235 754 300
168 685 231 754 298
169 684 233 754 298
170 684 230 752 297
171 683 232 754 297
172 683 229 753 297
173 680 228 753 295
174 680 227 750 295
175 680 228 749 292
176 680 226 749 290
177 678 224 749 293
178 680 225 749 292
179 679 223 746 289
180 678 223 746 289
181 678 220 744 288
182 676 222 744 286
183 676 222 743 288
184 675 221 743 286
185 673 220 745 282
186 669 218 744 281
187 672 216 742 279
188 672 216 740 278
189 670 216 739 278
190 669 216 738 278
191 670 214 738 281
192 671 215 738 278
193 670 214 737 278
194 670 211 735 278
195 668 211 737 277
196 669 212 736 277
197 667 210 733 275
198 666 210 734 274
199 666 208 732 273
200 666 209 731 274
201 665 208 731 273
202 664 208 731 269
203 664 207 730 270
204 661 206 729 270
205 663 205 728 269
206 660 204 727 269
207 660 203 726 269
208 657 204 725 267
209 660 203 725 265
210 658 202 724 265
211 658 201 723 264
212 657 197 722 264
213 657 197 722 262
214 656 196 721 262
215 655 197 720 259
216 655 194 719 259
217 654 194 718 256
218 653 191 716 253
219 652 191 717 255
220 652 190 716 251
221 651 188 715 252
222 650 186 715 247
223 650 185 713 246
224 648 182 713 243
225 648 181 713 242
226 648 180 712 241
227 647 178 710 239
228 648 177 708 238
229 645 175 708 233
230 644 173 707 234
231 646 172 708 234
232 644 171 707 233
233 643 170 706 229
234 643 166 703 226
235 642 164 705 225
236 641 162 701 223
237 640 163 703 224
238 640 160 702 221
239 638 158 702 219
240 639 157 701 216
241 640 155 698 214
242 639 153 698 212
243 639 153 697 212
244 639 152 696 210
245 637 150 697 207
246 638 147 696 204
247 638 146 695 203
248 634 144 694 201
249 635 144 695 201
250 634 142 693 200
251 635 141 692 198
252 632 140 692 194
253 635 137 691 193
254 634 136 689 192
255 631 135 689 193
256 631 134 688 191
257 632 133 688 188
258 631 130 687 187
259 630 130 686 186
260 628 128 686 184
261 629 128 686 185
262 630 126 686 184
263 627 125 685 181
264 626 124 683 179
265 626 122 682 178
266 625 121 681 178
267 626 120 679 177
268 623 118 681 176
269 625 117 681 175
270 624 117 680 173
271 623 115 678 170
272 624 114 676 169
273 622 114 678 169
274 623 113 676 167
275 619 112 675 168
276 620 110 673 166
277 618 110 674 165
278 619 108 673 164
279 618 108 673 164
280 618 107 672 162
281 617 107 672 162
282 618 105 670 161
283 617 105 670 160
284 619 105 670 158
285 616 105 668 157
286 615 104 668 157
287 616 103 667 155
288 616 101 667 156
289 615 102 667 155
290 614 101 666 154
291 614 102 665 155
292 613 99 664 154
293 611 98 664 153
294 612 98 663 152
295 611 97 663 152
296 611 97 661 150
297 612 97 661 150
298 610 95 660 150
299 611 95 659 149
300 610 96 659 149
301 608 94 659 147
302 607 94 658 146
303 609 93 658 147
304 608 93 656 144
305 606 93 655 146
306 605 93 654 145
307 606 93 655 145
308 605 91 654 144
309 604 91 654 145
310 602 92 654 144
311 604 91 654 143
312 604 93 650 141
313 603 92 652 142
314 602 91 651 143
315 602 93 650 143
316 602 92 652 142
317 601 94 649 142
318 601 92 649 145
319 600 92 647 142
320 598 93 647 143
321 600 94 648 145
322 598 92 647 142
323 599 96 645 143
324 598 94 644 142
325 597 94 644 143
326 596 96 645 145
327 597 95 645 143
328 597 97 643 143
329 597 97 644 143
330 594 99 643 145
331 596 98 641 143
332 595 98 640 144
333 595 99 641 144
334 593 98 641 145
335 593 99 640 146
336 591 99 640 145
337 593 99 640 147
338 591 101 638 144
339 590 100 638 147
340 592 100 640 147
341 590 102 638 146
342 590 102 637 147
343 590 103 634 149
344 590 102 637 147
345 591 103 638 150
346 591 103 638 150
347 590 104 634 152
348 591 106 637 151
349 589 109 634 154
350 588 109 634 153
351 589 109 634 155
352 588 111 634 155
353 586 112 633 158
354 588 114 630 158
355 588 117 631 161
356 586 119 626 164
357 586 120 628 164
358 586 124 626 164
359 586 126 629 170
360 584 127 625 171
361 586 130 624 173
362 585 133 623 177
363 585 134 622 176
364 586 138 621 178
365 586 142 615 181
366 584 143 615 168
367 585 145 613 174
368 582 148 609 176
369 585 148 614 174
370 583 151 612 174
371 582 155 615 181
372 583 157 610 178
373 582 160 606 183
374 581 162 608 187
375 581 162 606 187
376 581 163 606 188
377 581 167 606 191
378 581 169 603 193
379 578 171 602 190
380 578 171 601 195
381 579 171 603 196
382 578 173 600 198
383 578 174 600 201
384 577 176 598 202
385 575 178 597 207
386 574 180 598 204
387 576 180 598 207
388 574 183 595 208
389 574 181 596 209
390 573 183 595 211
391 573 186 594 212
392 573 192 592 216
393 572 189 595 212
394 571 193 592 219
395 569 196 592 220
396 572 199 595 224
397 570 201 591 226
398 568 205 591 231
399 568 204 592 228
400 569 206 592 234
401 569 210 595 242
402 570 211 592 242
403 567 218 592 248
404 565 219 592 251
405 567 218 592 250
406 567 221 594 252
407 563 224 592 255
408 563 228 593 262
409 568 232 595 264
410 566 232 595 272
411 564 234 595 268
412 564 234 592 271
413 564 239 589 275
414 564 239 592 276
415 563 244 592 279
416 561 247 591 281
417 562 247 589 281
418 560 250 591 286
419 561 254 589 286
420 561 256 590 289
421 560 258 589 290
422 558 260 589 296
423 559 260 592 297
424 557 260 589 297
425 558 265 591 302
426 556 268 595 303
427 554 270 591 306
428 555 274 592 312
429 556 273 592 313
430 554 275 591 315
431 556 278 592 319
432 554 280 592 320
433 553 283 592 323
434 553 285 589 323
435 553 285 588 326
436 552 288 591 329
437 551 291 592 334
438 550 294 589 336
439 550 296 589 339
440 550 299 591 340
441 550 299 591 340
442 549 300 592 345
443 549 305 589 345
444 548 306 590 351
445 549 309 588 350
446 548 310 588 354
447 548 311 589 353
448 545 312 588 355
449 547 316 587 359
450 548 316 590 361
451 546 319 587 363
452 546 321 587 364
453 545 321 587 364
454 545 323 587 367
455 545 327 585 369
456 545 328 585 369
457 542 330 585 373
458 542 332 585 375
459 543 332 583 374
460 543 335 583 377
461 542 338 582 378
462 542 340 582 380
463 541 340 582 383
464 541 343 584 385
465 540 342 584 384
466 539 345 582 385
467 540 347 581 387
468 540 348 580 389
469 540 350 580 388
470 539 351 580 394
471 540 351 578 393
472 538 353 580 395
473 538 354 580 397
474 536 358 577 397
475 536 359 578 399
476 536 360 581 402
477 536 360 580 401
478 536 362 579 401
479 536 365 577 403
480 536 367 574 406
481 536 367 573 406
482 535 367 575 408
483 536 369 575 414
484 536 370 576 411
485 534 371 572 412
486 534 373 577 416
487 534 373 574 414
488 532 378 568 417
489 531 376 567 416
490 534 378 573 414
491 532 378 570 415
492 532 380 574 422
493 530 382 571 418
494 530 384 572 420
495 531 385 573 423
496 531 386 572 423
497 529 388 569 425
498 530 388 571 426
499 528 390 570 429
500 530 391 569 429
501 528 391 568 430
502 529 393 569 432
503 529 394 568 431
504 529 394 568 436
505 528 396 567 435
506 528 397 568 437
507 527 396 567 436
508 526 395 567 437
509 525 397 566 439
510 527 398 567 440
511 524 402 566 441
512 526 401 566 443
513 525 401 568 440
514 524 401 564 442
515 525 402 565 442
516 523 402 568 444
517 523 403 566 444
518 523 403 566 445
519 524 402 567 445
520 522 405 566 446
521 522 406 566 448
522 522 407 567 446
523 521 407 563 446
524 521 407 563 446
525 521 407 563 446
526 521 407 563 446
527 521 407 563 446
528 521 407 563 446
529 521 407 563 446
530 521 407 563 446
531 521 407 563 446
532 521 407 563 446
533 521 407 563 446
534 521 407 563 446
535 521 407 563 446
536 521 407 563 446
537 521 407 563 446
538 521 407 563 446
539 521 407 563 446
540 521 407 563 446
541 521 407 563 446
542 521 407 563 446
543 521 407 563 446
544 521 407 563 446
545 521 407 563 446
546 521 407 563 446
547 521 407 563 446
548 521 407 563 446
549 521 407 563 446
550 521 407 563 446
551 521 407 563 446
552 521 407 563 446
553 521 407 563 446
554 521 407 563 446
555 521 407 563 446
556 521 407 563 446
557 521 407 563 446
558 521 407 563 446
559 521 407 563 446
560 521 407 563 446
561 521 407 563 446
562 521 407 563 446
563 521 407 563 446
564 521 407 563 446
565 521 407 563 446
566 521 407 563 446
567 521 407 563 446
568 521 407 563 446
569 521 407 563 446
570 521 407 563 446
571 521 407 563 446
572 521 407 563 446
573 521 407 563 446
574 521 407 563 446
575 521 407 563 446
576 521 407 563 446
577 521 407 563 446
578 521 407 563 446
579 521 407 563 446
580 521 407 563 446
581 521 407 563 446
582 521 407 563 446
583 521 407 563 446
584 521 407 563 446
585 521 407 563 446
586 521 407 563 446
587 521 407 563 446
588 521 407 563 446
589 521 407 563 446
590 521 407 563 446
591 521 407 563 446
592 521 407 563 446
593 521 407 563 446
594 521 407 563 446
595 521 407 563 446
596 521 407 563 446
597 521 407 563 446
598 521 407 563 446
599 521 407 563 446
600 521 407 563 446
601 521 407 563 446
602 521 407 563 446
603 521 407 563 446
604 521 407 563 446
605 521 407 563 446
606 521 407 563 446
607 521 407 563 446
608 521 407 563 446
609 521 407 563 446
610 521 407 563 446
611 521 407 563 446
612 521 407 563 446
613 521 407 563 446
614 521 407 563 446
615 521 407 563 446
616 521 407 563 446
617 521 407 563 446
618 521 407 563 446
619 521 407 563 446
620 521 407 563 446
621 521 407 563 446
622 521 407 563 446
623 521 407 563 446
624 521 407 563 446
625 521 407 563 446
626 521 407 563 446
627 521 407 563 446
628 521 407 563 446
629 521 407 563 446
630 521 407 563 446
631 521 407 563 446
