373 -1 -1 -1 -1
0 803 327 882 394
1 804 326 884 394
2 802 326 882 393
3 804 325 883 393
4 805 327 885 393
5 805 327 884 395
6 803 327 885 392
7 806 328 885 394
8 805 328 884 397
9 806 328 886 394
10 807 328 886 396
11 807 328 886 397
12 807 330 887 396
13 809 329 885 398
14 806 331 886 397
15 808 330 887 397
16 808 332 886 401
17 809 333 885 399
18 809 333 885 402
19 810 336 886 402
20 811 334 886 402
21 809 336 887 404
22 809 336 887 406
23 809 338 887 407
24 810 340 887 408
25 810 340 887 408
26 811 340 887 409
27 810 340 887 408
28 812 340 888 407
29 813 340 888 408
30 813 341 891 407
31 814 340 891 408
32 813 342 889 409
33 814 342 890 409
34 815 341 892 409
35 814 342 892 408
36 816 343 891 410
37 816 343 892 410
38 816 343 892 412
39 816 343 893 412
40 816 345 895 411
41 816 346 893 415
42 817 348 895 413
43 818 347 896 412
44 817 347 895 415
45 818 349 894 416
46 819 349 895 417
47 818 351 896 416
48 819 353 897 420
49 818 353 897 419
50 820 353 898 420
51 819 355 898 422
52 818 355 897 421
53 819 357 898 421
54 821 357 898 424
55 821 358 898 422
56 820 357 897 423
57 821 355 897 421
58 820 355 898 421
59 820 355 897 421
60 822 352 897 419
61 821 352 899 417
62 820 351 898 417
63 822 351 899 417
64 822 347 899 413
65 821 345 899 411
66 821 344 898 409
67 822 339 897 407
68 822 340 897 406
69 822 337 899 405
70 823 333 898 401
71 822 330 898 398
72 822 327 897 395
73 822 324 897 395
74 822 325 897 394
75 823 323 898 393
76 823 322 899 391
77 822 319 900 388
78 823 316 900 387
79 825 314 899 384
80 825 314 900 386
81 823 312 899 383
82 823 311 900 381
83 823 311 899 382
84 823 310 899 381
85 825 309 900 381
86 827 309 899 381
87 827 309 900 378
88 824 307 899 378
89 824 307 900 376
90 824 307 898 376
91 824 307 896 377
92 823 306 898 377
93 828 307 896 375
94 823 308 897 375
95 823 306 898 379
96 822 306 896 376
97 820 307 896 374
98 820 306 896 377
99 828 307 895 377
100 828 308 896 377
101 822 309 895 376
102 822 309 895 376
103 822 310 895 378
104 823 309 893 376
105 824 310 892 377
106 825 310 894 377
107 824 308 893 376
108 820 308 894 376
109 819 309 892 376
110 820 308 893 375
111 822 309 892 373
112 822 309 892 372
113 821 309 893 376
114 821 309 892 377
115 818 307 889 375
116 817 309 888 376
117 820 309 890 376
118 825 309 891 376
119 818 308 890 374
120 820 306 889 373
121 818 305 888 371
122 816 305 888 373
123 817 303 888 370
124 817 302 887 369
125 816 300 887 367
126 816 300 884 364
127 818 296 885 364
128 818 297 886 363
129 816 296 885 361
130 815 294 884 359
131 813 294 884 359
132 814 293 883 355
133 812 291 882 355
134 812 290 883 356
135 816 289 882 355
136 814 288 882 353
137 812 288 879 352
138 813 286 881 352
139 812 286 880 350
140 811 285 880 348
141 810 286 879 347
142 809 285 880 348
143 810 283 877 346
144 809 284 880 345
145 805 283 878 343
146 807 285 878 343
147 810 280 877 341
148 805 278 877 339
149 812 273 877 339
150 808 274 875 336
151 805 272 876 335
152 805 273 875 334
153 804 270 873 332
154 808 268 874 331
155 806 265 875 327
156 802 263 873 326
157 809 263 873 323
158 804 264 874 325
159 803 260 871 321
160 807 261 871 317
161 806 261 872 317
162 805 262 870 315
163 803 260 870 312
164 805 259 869 314
165 801 251 869 312
166 800 251 869 307
167 801 248 868 306
168 802 245 866 307
169 801 249 867 304
170 796 248 866 303
171 801 239 866 299
172 799 237 864 300
173 800 237 864 297
174 799 235 863 293
175 799 230 863 294
176 797 231 863 293
177 795 231 863 291
178 796 228 860 289
179 797 227 860 288
180 794 224 861 285
181 793 224 861 285
182 795 223 859 285
183 795 220 857 284
184 793 222 856 285
185 795 221 853 283
186 793 217 855 283
187 790 219 854 278
188 790 219 854 279
189 790 217 852 278
190 788 218 850 276
191 789 217 853 280
192 788 216 853 278
193 788 212 850 275
194 789 212 849 274
195 787 214 848 274
196 787 214 849 274
197 786 214 847 273
198 786 215 845 274
199 787 212 842 271
200 785 211 845 271
201 785 211 842 275
202 782 210 841 270
203 780 210 839 271
204 781 210 839 271
205 781 209 840 272
206 779 208 839 270
207 779 210 838 270
208 775 212 834 272
209 777 214 835 272
210 776 216 834 272
211 774 215 833 274
212 775 217 833 272
213 774 220 833 274
214 773 219 830 275
215 771 223 830 277
216 771 224 827 283
217 768 229 825 284
218 768 229 826 283
219 770 232 824 286
220 764 238 820 288
221 763 240 819 292
222 763 244 818 294
223 762 247 813 299
224 760 250 815 299
225 761 251 811 303
226 759 257 810 307
227 757 261 809 314
228 754 266 807 318
229 754 272 806 321
230 755 273 806 324
231 756 267 807 317
232 758 259 809 312
233 758 252 811 304
234 763 248 814 299
235 763 239 815 293
236 765 240 816 293
237 769 237 818 288
238 767 229 820 283
239 772 228 824 280
240 774 224 826 277
241 777 221 827 276
242 778 225 827 274
243 777 225 830 273
244 781 225 834 275
245 784 226 834 275
246 786 226 836 277
247 789 228 837 276
248 789 227 839 280
249 788 227 841 278
250 791 230 841 278
251 794 231 843 280
252 796 232 846 281
253 798 230 849 281
254 797 231 849 280
255 800 232 852 281
256 800 233 851 284
257 804 233 856 285
258 803 233 857 284
259 807 235 858 286
260 805 233 859 285
261 808 235 860 284
262 808 236 862 286
263 809 237 863 289
264 813 239 867 291
265 815 237 865 288
266 816 239 868 289
267 817 237 869 288
268 817 241 869 292
269 820 239 872 291
270 820 241 875 292
271 821 241 877 293
272 821 239 876 295
273 823 241 877 293
274 825 243 879 297
275 828 244 880 295
276 829 245 880 295
277 831 247 880 294
278 830 245 882 294
279 831 247 884 298
280 833 247 883 296
281 835 248 885 298
282 835 252 887 298
283 836 254 887 302
284 837 253 888 299
285 837 252 889 302
286 838 252 891 302
287 840 252 892 302
288 843 254 893 302
289 843 255 892 302
290 844 254 892 303
291 846 255 893 303
292 844 256 894 303
293 846 257 895 303
294 845 255 896 304
295 849 257 898 306
296 846 258 900 303
297 850 257 899 303
298 847 258 899 307
299 848 256 900 308
300 851 254 903 307
301 850 257 904 306
302 851 257 903 307
303 853 255 901 307
304 852 256 905 307
305 852 256 905 308
306 853 258 904 308
307 854 257 908 309
308 854 256 908 308
309 855 258 907 311
310 853 257 907 311
311 855 257 909 309
312 855 258 909 311
313 856 258 908 312
314 857 259 910 312
315 858 258 909 309
316 858 260 911 309
317 858 260 911 309
318 858 260 911 309
319 858 260 911 309
320 858 260 911 309
321 858 260 911 309
322 858 260 911 309
323 858 260 911 309
324 858 260 911 309
325 858 260 911 309
326 858 260 911 309
327 858 260 911 309
328 858 260 911 309
329 858 260 911 309
330 858 260 911 309
331 858 260 911 309
332 858 260 911 309
333 858 260 911 309
334 858 260 911 309
335 858 260 911 309
336 858 260 911 309
337 858 260 911 309
338 858 260 911 309
339 858 260 911 309
340 858 260 911 309
341 858 260 911 309
342 858 260 911 309
343 858 260 911 309
344 858 260 911 309
345 858 260 911 309
346 858 260 911 309
347 858 260 911 309
348 858 260 911 309
349 858 260 911 309
350 858 260 911 309
351 858 260 911 309
352 858 260 911 309
353 858 260 911 309
354 858 260 911 309
355 858 260 911 309
356 858 260 911 309
357 858 260 911 309
358 858 260 911 309
359 858 260 911 309
360 858 260 911 309
361 858 260 911 309
362 858 260 911 309
363 858 260 911 309
364 858 260 911 309
365 858 260 911 309
366 858 260 911 309
367 858 260 911 309
368 858 260 911 309
369 858 260 911 309
370 858 260 911 309
371 858 260 911 309
372 858 260 911 309