573 -1 -1 -1 -1
0 883 316 965 388
1 881 317 965 387
2 884 314 964 387
3 883 314 966 386
4 884 315 966 385
5 882 313 966 384
6 884 310 964 381
7 883 310 966 380
8 883 307 965 378
9 883 307 965 377
10 882 306 966 376
11 883 304 965 375
12 882 305 966 374
13 883 302 967 374
14 884 301 967 371
15 882 303 967 372
16 883 303 966 372
17 883 301 966 372
18 883 301 966 369
19 882 301 966 368
20 884 301 967 367
21 882 300 965 367
22 883 300 965 368
23 884 300 965 366
24 884 300 965 365
25 883 298 964 365
26 883 297 964 364
27 884 297 965 364
28 883 299 965 364
29 884 297 965 364
30 883 296 964 363
31 883 297 965 362
32 881 297 963 363
33 882 296 964 361
34 882 296 963 362
35 882 297 963 361
36 881 295 961 362
37 880 296 961 360
38 879 294 961 361
39 880 295 959 362
40 878 296 960 360
41 877 295 958 361
42 876 294 958 359
43 876 292 958 360
44 878 291 957 360
45 877 293 954 358
46 878 292 956 359
47 874 291 954 359
48 875 292 953 359
49 874 290 952 357
50 873 290 953 357
51 872 289 952 355
52 873 288 950 357
53 872 288 949 357
54 871 287 948 355
55 872 287 947 355
56 870 287 949 357
57 870 288 946 358
58 870 288 947 357
59 867 287 946 358
60 867 288 947 357
61 869 287 946 359
62 869 286 944 358
63 869 288 944 359
64 868 289 945 359
65 870 288 945 359
66 868 288 945 360
67 869 287 947 359
68 870 289 944 359
69 870 289 946 359
70 870 289 947 359
71 869 288 946 359
72 870 289 946 359
73 867 289 947 359
74 869 289 947 359
75 870 289 948 357
76 871 287 947 358
77 870 288 948 361
78 869 289 949 358
79 869 289 949 359
80 869 287 948 358
81 873 288 948 359
82 872 286 947 359
83 874 288 949 356
84 872 288 949 359
85 871 287 949 357
86 871 287 950 358
87 872 287 950 358
88 872 286 949 357
89 873 288 950 355
90 874 288 950 356
91 872 287 951 355
92 874 287 952 355
93 873 286 952 355
94 872 286 952 354
95 873 286 952 354
96 876 285 952 354
97 874 286 951 353
98 874 283 954 353
99 874 284 954 352
100 873 284 952 351
101 873 280 954 352
102 879 283 954 350
103 876 282 953 350
104 872 282 954 350
105 873 283 952 349
106 873 282 952 350
107 872 281 952 350
108 873 281 953 348
109 872 281 953 347
110 873 279 953 349
111 869 280 952 347
112 872 278 952 347
113 872 278 951 348
114 871 279 952 347
115 870 278 951 347
116 869 278 951 349
117 870 279 950 350
118 870 279 951 349
119 868 279 950 350
120 867 279 949 349
121 867 280 949 348
122 867 280 949 348
123 868 280 948 350
124 867 280 949 348
125 866 279 948 350
126 866 280 946 347
127 865 280 945 349
128 866 278 946 350
129 866 281 944 350
130 864 280 945 350
131 865 281 943 350
132 863 281 944 351
133 863 281 944 352
134 863 282 944 353
135 862 281 941 351
136 861 281 940 350
137 859 281 941 350
138 860 282 939 350
139 863 281 938 350
140 859 279 939 350
141 857 280 936 350
142 858 278 937 351
143 858 279 937 350
144 855 279 934 349
145 857 277 934 348
146 855 277 934 350
147 855 277 934 348
148 856 278 935 349
149 855 278 934 346
150 857 277 931 347
151 854 276 932 345
152 853 277 932 345
153 852 275 930 346
154 854 276 929 345
155 851 273 929 347
156 851 271 929 345
157 852 273 929 346
158 850 274 929 343
159 848 273 927 344
160 849 271 927 341
161 848 272 927 344
162 847 271 925 340
163 845 271 924 341
164 845 270 923 340
165 844 268 923 341
166 844 270 922 340
167 844 268 922 340
168 843 268 922 340
169 843 268 920 339
170 841 268 918 340
171 841 266 918 339
172 840 268 919 338
173 838 268 915 338
174 838 266 915 338
175 839 268 916 336
176 837 268 915 336
177 837 268 913 336
178 837 266 913 336
179 836 266 912 338
180 835 268 911 336
181 834 266 911 336
182 834 267 911 337
183 833 268 909 337
184 833 266 909 335
185 832 267 909 336
186 831 266 908 335
187 830 267 906 334
188 827 266 905 337
189 828 266 902 336
190 828 265 902 337
191 827 266 902 336
192 826 267 903 338
193 825 267 902 337
194 825 268 901 337
195 825 268 901 337
196 824 266 900 337
197 823 267 899 337
198 824 266 898 337
199 823 266 897 338
200 822 266 896 338
201 821 266 896 337
202 821 266 896 338
203 821 267 896 338
204 820 267 894 337
205 819 266 895 337
206 817 267 893 337
207 817 266 893 337
208 817 266 893 336
209 815 266 892 335
210 815 266 889 334
211 813 264 888 335
212 814 265 889 336
213 811 263 887 333
214 811 264 886 333
215 812 263 887 333
216 811 262 886 334
217 810 260 885 331
218 809 260 882 329
219 808 259 881 330
220 809 258 883 328
221 808 257 882 330
222 807 256 881 327
223 805 255 881 326
224 805 253 880 326
225 804 253 878 326
226 804 253 879 325
227 804 251 878 323
228 802 250 875 321
229 799 249 875 319
230 800 248 873 318
231 798 245 872 316
232 799 246 872 317
233 796 245 872 317
234 798 245 870 317
235 795 244 870 314
236 795 241 868 312
237 793 241 867 311
238 794 241 868 311
239 792 239 866 309
240 793 238 865 310
241 792 237 864 308
242 790 235 863 307
243 788 234 863 307
244 789 236 864 304
245 788 236 862 306
246 787 233 860 304
247 787 233 859 305
248 784 232 858 303
249 784 231 857 302
250 784 230 856 302
251 783 231 854 301
252 782 228 854 300
253 779 228 854 298
254 778 227 852 297
255 779 228 850 296
256 779 226 852 294
257 778 227 850 295
258 778 226 849 296
259 775 225 847 294
260 775 225 846 294
261 773 224 844 293
262 774 224 844 292
263 774 221 844 292
264 771 221 844 293
265 772 220 844 291
266 771 219 841 290
267 770 220 841 288
268 770 219 841 289
269 768 218 837 289
270 768 215 837 288
271 766 216 836 288
272 764 217 835 288
273 763 216 834 285
274 764 215 834 286
275 761 215 834 287
276 761 214 833 283
277 758 214 831 283
278 758 212 830 281
279 758 213 828 280
280 757 213 829 282
281 756 212 828 283
282 754 211 827 280
283 756 210 825 280
284 754 211 823 280
285 754 211 823 279
286 754 211 822 278
287 752 211 820 278
288 751 210 821 279
289 750 210 820 277
290 748 209 817 277
291 747 208 815 275
292 748 208 815 276
293 747 209 815 274
294 746 207 813 275
295 745 207 811 274
296 744 205 811 274
297 743 206 810 274
298 743 205 811 273
299 741 204 809 272
300 740 204 806 270
301 739 203 806 270
302 738 202 806 269
303 737 201 805 269
304 737 201 805 267
305 734 201 803 268
306 736 200 802 266
307 734 200 802 264
308 732 199 800 264
309 732 199 798 265
310 731 198 798 264
311 731 198 797 264
312 729 198 796 265
313 728 197 795 262
314 728 196 793 261
315 726 196 792 260
316 726 196 792 261
317 726 195 791 259
318 724 195 788 259
319 724 194 788 259
320 720 194 787 258
321 720 193 785 257
322 721 192 783 257
323 720 192 783 257
324 719 191 782 255
325 718 191 779 254
326 716 190 779 253
327 714 189 777 253
328 715 189 778 253
329 714 190 777 255
330 712 189 777 253
331 712 188 773 250
332 711 187 774 250
333 710 186 772 249
334 710 186 772 248
335 709 187 771 248
336 708 185 770 248
337 707 185 768 245
338 706 184 768 245
339 705 183 766 245
340 705 183 767 246
341 704 183 765 245
342 703 183 764 243
343 701 181 763 242
344 701 182 762 242
345 697 179 759 241
346 699 180 760 243
347 699 181 758 241
348 697 180 757 242
349 697 179 756 238
350 695 179 754 239
351 695 178 754 238
352 695 178 755 238
353 693 176 752 238
354 693 177 750 236
355 691 175 749 236
356 690 175 749 234
357 690 175 748 233
358 691 175 748 233
359 688 174 748 232
360 688 173 746 231
361 686 170 744 231
362 688 170 744 229
363 684 169 742 229
364 685 168 743 228
365 685 167 741 226
366 682 167 740 226
367 683 165 739 225
368 683 163 739 223
369 682 163 736 223
370 679 164 735 222
371 678 162 736 222
372 679 162 734 220
373 680 160 734 221
374 681 159 734 217
375 682 157 733 217
376 679 159 733 216
377 676 158 731 217
378 676 156 731 214
379 678 155 729 212
380 675 155 729 212
381 676 154 727 212
382 676 155 727 212
383 672 154 727 211
384 672 152 726 210
385 670 151 725 210
386 670 150 724 207
387 669 149 724 207
388 671 148 725 207
389 669 146 722 206
390 669 145 722 204
391 667 143 720 204
392 665 144 720 201
393 666 143 718 201
394 664 144 719 199
395 663 143 717 199
396 662 141 717 198
397 662 139 715 196
398 659 138 715 195
399 659 137 714 194
400 659 137 715 192
401 658 133 715 191
402 657 133 713 188
403 656 132 714 188
404 655 130 711 183
405 654 130 709 182
406 653 128 711 184
407 654 129 708 181
408 654 127 708 182
409 653 126 707 180
410 653 124 705 182
411 651 124 702 178
412 654 123 702 176
413 651 123 701 179
414 653 126 700 177
415 649 124 701 177
416 649 122 700 174
417 649 120 697 171
418 648 122 698 171
419 648 118 698 170
420 647 117 697 170
421 647 116 696 167
422 647 115 695 165
423 647 113 695 163
424 645 113 696 166
425 646 111 693 164
426 643 112 693 164
427 647 112 691 160
428 649 109 689 159
429 644 106 690 159
430 644 110 690 158
431 642 106 690 159
432 643 106 688 159
433 640 106 691 161
434 641 104 689 159
435 640 105 687 162
436 635 103 688 160
437 639 102 687 161
438 637 102 687 161
439 637 103 687 159
440 635 102 684 159
441 634 104 686 164
442 631 105 686 160
443 631 105 684 162
444 630 109 683 164
445 630 110 683 167
446 628 112 682 169
447 625 114 682 171
448 625 113 684 173
449 624 116 682 176
450 624 119 681 179
451 622 126 681 182
452 622 128 678 188
453 621 131 679 190
454 621 132 677 189
455 620 136 677 193
456 620 140 677 198
457 618 144 675 200
458 617 147 675 207
459 617 152 675 210
460 616 150 674 210
461 615 155 674 212
462 614 159 674 218
463 614 162 672 220
464 612 165 673 224
465 613 168 671 228
466 611 169 672 227
467 612 171 671 230
468 612 175 669 233
469 610 180 668 236
470 610 183 668 239
471 609 187 665 243
472 610 186 667 242
473 608 189 665 246
474 607 193 664 250
475 607 196 663 253
476 607 200 664 257
477 606 202 663 262
478 606 201 662 262
479 603 207 661 264
480 604 210 661 266
481 603 212 660 269
482 603 217 661 273
483 601 219 659 279
484 601 219 660 277
485 603 222 658 278
486 600 226 658 283
487 600 227 656 284
488 600 232 658 291
489 600 236 655 294
490 599 237 654 290
491 596 239 654 293
492 597 239 654 297
493 597 244 654 299
494 596 245 654 302
495 594 250 650 303
496 594 249 653 306
497 595 252 652 306
498 593 255 651 308
499 593 258 649 315
500 592 261 649 317
501 592 262 647 317
502 591 261 648 321
503 591 266 646 321
504 590 266 647 325
505 588 269 644 327
506 588 273 644 329
507 587 276 644 331
508 588 273 643 331
509 586 275 644 334
510 587 280 644 336
511 585 282 642 338
512 585 283 641 340
513 586 287 640 341
514 584 286 641 341
515 583 289 639 346
516 584 291 640 345
517 585 293 639 348
518 583 296 637 350
519 582 296 638 350
520 583 297 639 351
521 582 298 636 355
522 582 303 635 358
523 581 302 635 358
524 581 306 634 359
525 581 307 631 365
526 583 306 634 366
527 583 309 632 366
528 580 312 633 367
529 576 315 631 370
530 578 315 631 371
531 577 317 630 374
532 575 316 630 373
533 574 318 630 376
534 576 319 630 376
535 574 321 630 378
536 573 322 629 380
537 571 323 628 382
538 573 324 627 382
539 572 325 626 382
540 571 325 627 383
541 568 328 625 385
542 571 328 625 387
543 569 331 625 388
544 569 330 625 387
545 568 331 625 391
546 569 332 624 392
547 568 334 623 393
548 567 336 623 393
549 567 337 623 394
550 568 338 624 393
551 567 337 622 394
552 566 340 621 396
553 564 340 622 396
554 565 341 622 399
555 564 342 622 398
556 564 340 620 398
557 566 343 622 399
558 565 342 620 399
559 564 342 622 402
560 565 341 622 399
561 563 345 621 400
562 563 344 619 400
563 562 346 618 402
564 562 348 619 402
565 562 347 616 402
566 561 345 619 402
567 560 347 620 402
568 559 348 620 406
569 558 347 618 405
570 558 349 619 406
571 559 350 619 406
572 560 349 619 405
