253 -1 -1 -1 -1
0 560 308 630 372
1 558 307 629 375
2 560 309 631 374
3 558 308 631 373
4 558 308 629 374
5 559 310 630 374
6 560 310 630 374
7 560 312 630 377
8 560 312 631 378
9 560 309 630 375
10 559 313 630 377
11 559 314 630 376
12 559 315 630 378
13 561 315 631 378
14 560 316 631 376
15 560 316 630 377
16 560 315 630 378
17 561 316 632 375
18 562 313 629 374
19 562 312 630 374
20 561 309 633 372
21 562 310 633 370
22 561 307 632 367
23 563 305 630 364
24 562 303 630 361
25 563 301 629 358
26 563 298 632 355
27 564 298 631 353
28 564 294 633 352
29 565 291 633 349
30 565 289 634 347
31 565 285 632 345
32 566 283 628 340
33 565 281 629 342
34 566 280 631 339
35 565 279 632 335
36 567 277 633 333
37 567 275 632 331
38 567 273 631 330
39 567 273 627 327
40 567 271 632 327
41 568 269 635 326
42 568 266 634 323
43 569 264 632 321
44 569 263 632 321
45 568 264 633 317
46 568 262 633 317
47 570 260 634 317
48 569 258 636 314
49 568 256 634 314
50 571 256 632 311
51 571 256 634 312
52 571 255 635 311
53 571 254 636 311
54 570 252 637 311
55 572 252 635 309
56 572 252 636 307
57 574 250 637 306
58 573 250 634 307
59 574 250 637 307
60 573 249 636 307
61 573 249 636 305
62 574 248 637 302
63 575 248 637 303
64 575 246 637 306
65 577 247 638 305
66 573 244 638 304
67 576 247 639 302
68 575 244 638 303
69 576 244 639 302
70 577 241 639 303
71 576 242 638 300
72 575 241 638 299
73 576 239 639 296
74 574 238 639 296
75 576 239 639 297
76 578 237 638 297
77 576 237 639 294
78 576 235 639 289
79 578 231 640 288
80 576 231 639 290
81 575 230 639 292
82 577 231 639 289
83 576 229 639 284
84 579 228 639 284
85 579 226 639 283
86 579 225 640 281
87 577 223 639 281
88 579 225 642 281
89 581 223 641 282
90 580 222 639 281
91 580 221 641 282
92 580 221 642 281
93 581 221 641 278
94 580 221 641 279
95 581 220 642 278
96 582 220 641 278
97 582 219 642 277
98 582 219 642 277
99 582 218 644 277
100 582 218 642 277
101 583 217 644 274
102 582 218 643 276
103 583 217 642 275
104 583 218 644 277
105 583 216 644 278
106 583 216 644 275
107 583 216 644 275
108 585 217 644 275
109 584 214 644 275
110 584 215 644 273
111 583 215 644 274
112 585 215 644 273
113 585 215 643 274
114 585 215 644 273
115 587 213 645 271
116 587 213 644 271
117 587 213 644 271
118 586 210 643 268
119 588 208 645 269
120 588 207 644 264
121 587 205 645 262
122 589 203 645 263
123 586 204 646 261
124 587 202 647 260
125 588 201 646 258
126 589 200 648 257
127 590 200 647 256
128 591 198 647 255
129 592 198 646 255
130 593 199 647 254
131 594 200 646 254
132 593 201 647 255
133 594 203 648 257
134 595 206 647 260
135 595 206 647 259
136 595 210 648 264
137 596 213 649 268
138 597 220 647 273
139 597 226 648 277
140 597 232 649 284
141 599 231 647 283
142 597 239 649 288
143 598 237 649 287
144 597 230 649 278
145 598 222 647 272
146 598 217 647 266
147 599 218 645 266
148 599 211 646 259
149 598 205 646 254
150 598 204 646 250
151 601 199 644 244
152 599 196 644 239
153 600 195 644 240
154 599 189 646 236
155 599 187 644 230
156 599 183 644 226
157 601 180 644 222
158 601 178 645 220
159 603 178 647 220
160 600 175 647 216
161 603 173 647 213
162 602 171 647 212
163 603 168 646 209
164 602 165 646 205
165 602 163 646 205
166 604 161 647 199
167 604 159 648 198
168 604 156 644 192
169 605 149 646 189
170 605 147 646 186
171 606 146 646 185
172 606 143 644 182
173 606 140 647 176
174 606 137 646 173
175 606 134 646 172
176 606 131 646 168
177 606 129 646 166
178 606 128 644 162
179 606 124 648 163
180 608 123 646 159
181 608 123 646 159
182 608 123 646 159
183 608 123 646 159
184 610 116 646 151
185 610 116 646 151
186 610 116 646 151
187 610 116 646 151
188 610 116 646 151
189 610 116 646 151
190 610 116 646 151
191 610 116 646 151
192 610 116 646 151
193 610 116 646 151
194 610 116 646 151
195 610 116 646 151
196 610 116 646 151
197 610 116 646 151
198 610 116 646 151
199 610 116 646 151
200 610 116 646 151
201 610 116 646 151
202 610 116 646 151
203 610 116 646 151
204 610 116 646 151
205 610 116 646 151
206 610 116 646 151
207 610 116 646 151
208 610 116 646 151
209 610 116 646 151
210 610 116 646 151
211 610 116 646 151
212 610 116 646 151
213 610 116 646 151
214 610 116 646 151
215 610 116 646 151
216 610 116 646 151
217 610 116 646 151
218 610 116 646 151
219 610 116 646 151
220 610 116 646 151
221 610 116 646 151
222 610 116 646 151
223 610 116 646 151
224 610 116 646 151
225 610 116 646 151
226 610 116 646 151
227 610 116 646 151
228 610 116 646 151
229 610 116 646 151
230 610 116 646 151
231 610 116 646 151
232 610 116 646 151
233 610 116 646 151
234 610 116 646 151
235 610 116 646 151
236 610 116 646 151
237 610 116 646 151
238 610 116 646 151
239 610 116 646 151
240 610 116 646 151
241 610 116 646 151
242 610 116 646 151
243 610 116 646 151
244 610 116 646 151
245 610 116 646 151
246 610 116 646 151
247 610 116 646 151
248 610 116 646 151
249 610 116 646 151
250 610 116 646 151
251 610 116 646 151
252 610 116 646 151
