367 -1 -1 -1 -1
0 411 397 502 479
1 412 400 501 478
2 411 398 501 478
3 410 396 501 474
4 410 396 503 474
5 412 394 501 473
6 410 391 501 472
7 410 391 501 471
8 409 391 501 471
9 411 390 499 468
10 408 387 499 466
11 409 385 499 464
12 409 385 498 461
13 409 384 498 462
14 409 382 498 459
15 409 381 496 457
16 407 378 495 455
17 407 379 497 457
18 407 376 498 455
19 407 377 497 453
20 407 375 496 454
21 407 376 499 452
22 407 374 496 451
23 406 375 496 451
24 405 374 495 448
25 407 374 495 447
26 406 373 495 448
27 406 372 496 448
28 406 372 494 448
29 405 373 494 447
30 405 373 495 445
31 404 372 494 447
32 405 373 495 445
33 405 375 495 447
34 406 374 495 445
35 406 374 495 445
36 405 374 494 446
37 406 376 494 445
38 405 374 493 445
39 405 373 494 445
40 403 374 494 448
41 406 374 493 447
42 404 375 494 446
43 402 374 494 446
44 404 375 492 446
45 404 375 494 446
46 402 372 494 444
47 403 373 492 443
48 403 372 492 445
49 405 371 492 446
50 406 371 491 445
51 405 371 492 443
52 406 369 492 442
53 407 368 492 441
54 407 366 493 441
55 405 365 493 440
56 406 367 492 439
57 405 365 490 439
58 406 363 494 436
59 406 362 492 437
60 408 362 493 435
61 407 361 492 436
62 407 360 491 435
63 409 358 491 431
64 406 355 494 431
65 407 355 494 431
66 408 353 493 427
67 408 353 494 427
68 408 352 493 426
69 408 351 495 426
70 407 350 495 424
71 408 348 492 424
72 409 348 493 425
73 409 348 492 424
74 412 347 495 422
75 412 346 495 422
76 412 346 496 419
77 411 345 496 421
78 413 345 496 421
79 412 343 496 422
80 413 345 497 419
81 416 345 497 418
82 419 345 498 420
83 419 345 498 419
84 414 347 496 420
85 416 344 495 421
86 416 346 499 420
87 417 346 498 419
88 416 347 500 417
89 418 345 498 416
90 417 343 498 415
91 419 343 499 415
92 417 343 501 414
93 419 341 502 413
94 420 342 501 412
95 421 341 499 412
96 420 338 498 409
97 421 338 499 412
98 423 335 501 410
99 422 335 502 406
100 422 332 505 402
101 425 329 505 402
102 422 325 503 397
103 426 324 499 398
104 427 322 502 395
105 425 322 505 390
106 426 321 505 389
107 428 316 506 388
108 425 314 504 384
109 428 314 506 383
110 429 310 506 379
111 429 307 507 378
112 428 304 510 374
113 433 303 511 369
114 433 300 513 369
115 432 300 509 367
116 438 299 511 365
117 441 297 512 364
118 443 295 515 360
119 443 291 518 357
120 444 289 515 357
121 444 290 519 355
122 446 288 517 352
123 448 286 520 349
124 450 284 519 348
125 451 280 520 343
126 453 279 513 343
127 454 280 515 341
128 458 279 517 338
129 458 275 519 336
130 461 273 522 333
131 458 272 519 329
132 462 269 524 330
133 461 269 523 328
134 462 269 524 329
135 467 266 528 326
136 469 265 529 324
137 467 263 529 322
138 472 262 530 318
139 470 261 529 320
140 474 259 532 317
141 475 256 534 317
142 475 256 532 314
143 476 252 535 312
144 479 253 535 310
145 478 253 535 312
146 478 252 534 309
147 480 248 535 305
148 481 247 537 304
149 476 247 538 307
150 478 244 537 302
151 478 243 539 303
152 478 242 536 301
153 482 241 537 297
154 480 239 539 297
155 480 237 539 294
156 481 236 543 294
157 480 236 539 294
158 480 234 543 293
159 483 232 539 290
160 479 233 540 289
161 480 231 544 287
162 482 229 541 287
163 483 231 543 288
164 482 228 542 285
165 485 227 543 284
166 485 227 544 282
167 486 225 544 284
168 484 224 542 283
169 483 224 545 282
170 484 223 543 282
171 486 224 544 281
172 485 222 547 279
173 485 222 545 280
174 486 221 546 278
175 485 221 547 277
176 486 220 546 277
177 489 221 548 274
178 488 222 549 269
179 491 219 548 274
180 492 218 546 273
181 493 219 549 272
182 491 223 550 273
183 492 221 547 273
184 493 220 549 273
185 493 220 550 274
186 493 220 551 273
187 492 219 552 273
188 494 218 550 272
189 494 220 551 270
190 495 218 551 271
191 495 215 551 270
192 494 217 553 270
193 496 218 554 270
194 494 217 554 269
195 496 214 553 269
196 499 217 553 267
197 497 215 553 266
198 500 215 554 265
199 497 214 556 266
200 498 214 556 265
201 499 212 557 264
202 499 211 557 266
203 502 210 556 264
204 501 209 557 264
205 502 211 558 263
206 503 209 558 262
207 504 212 558 261
208 505 209 558 259
209 507 208 559 259
210 507 207 560 258
211 507 209 562 259
212 508 208 560 258
213 510 206 562 255
214 510 205 564 255
215 510 205 563 255
216 510 203 564 253
217 510 204 564 254
218 513 204 564 254
219 514 202 565 252
220 514 203 562 253
221 515 202 562 252
222 516 202 564 252
223 517 202 563 251
224 520 202 563 250
225 517 201 565 250
226 520 199 566 249
227 519 199 569 250
228 521 198 568 248
229 522 199 568 247
230 522 198 568 249
231 520 197 570 248
232 521 199 569 247
233 523 198 568 243
234 523 197 569 245
235 525 197 571 247
236 525 196 570 246
237 523 198 570 244
238 525 198 570 240
239 524 199 570 245
240 525 199 571 245
241 524 200 570 245
242 525 202 570 244
243 527 204 571 245
244 528 206 572 250
245 528 208 571 247
246 530 209 570 253
247 530 209 569 254
248 530 214 570 254
249 529 215 573 259
250 532 218 571 259
251 531 224 572 265
252 532 224 573 265
253 531 224 573 266
254 532 225 574 269
255 533 230 574 273
256 532 233 577 278
257 531 236 576 281
258 531 241 577 283
259 535 240 577 284
260 532 241 576 287
261 534 245 578 288
262 533 242 580 287
263 538 241 581 288
264 538 242 585 286
265 540 243 584 287
266 542 244 587 289
267 545 245 588 289
268 545 246 592 292
269 547 246 593 291
270 551 247 597 293
271 551 248 596 293
272 552 248 598 294
273 555 250 600 296
274 555 250 602 297
275 559 251 604 297
276 560 253 605 297
277 560 253 607 299
278 563 253 609 298
279 566 254 610 300
280 568 256 611 302
281 569 258 614 302
282 571 258 615 302
283 570 260 615 303
284 571 259 617 304
285 574 261 619 303
286 574 261 621 306
287 577 263 623 308
288 580 262 626 307
289 577 263 625 307
290 581 265 626 310
291 584 263 628 309
292 584 265 630 312
293 587 267 632 312
294 589 268 632 314
295 588 269 633 312
296 588 268 635 312
297 590 268 636 314
298 593 269 638 314
299 593 269 639 316
300 594 273 641 318
301 594 271 640 317
302 595 271 641 320
303 598 272 644 319
304 599 274 645 320
305 600 274 647 319
306 602 276 648 323
307 601 274 648 321
308 603 275 649 324
309 605 278 650 325
310 603 277 651 324
311 604 280 653 326
312 607 280 651 326
313 608 277 652 325
314 608 280 654 327
315 608 281 657 328
316 609 282 657 328
317 610 282 658 330
318 614 282 658 330
319 611 282 656 329
320 613 283 658 329
321 613 284 661 330
322 614 285 661 329
323 614 284 662 331
324 616 286 661 333
325 615 286 661 331
326 616 285 663 332
327 616 285 664 331
328 618 285 664 333
329 617 287 664 332
330 619 288 665 333
331 620 287 666 333
332 619 289 666 335
333 619 289 665 332
334 619 289 666 333
335 619 290 667 336
336 621 289 667 336
337 621 289 668 337
338 620 289 667 336
339 620 291 668 336
340 622 290 668 335
341 621 290 668 336
342 621 289 668 335
343 621 289 668 335
344 621 290 668 336
345 622 290 669 335
346 623 289 669 336
347 621 291 669 334
348 622 290 669 336
349 624 290 669 334
350 623 289 670 333
351 624 289 668 335
352 623 290 669 334
353 623 291 668 338
354 621 288 668 337
355 623 289 669 336
356 623 290 670 338
357 621 291 670 333
358 622 291 670 336
359 623 289 670 335
360 621 290 670 336
361 622 291 669 336
362 623 291 669 336
363 623 289 670 336
364 622 288 670 337
365 621 289 669 337
366 622 290 668 334
