649 -1 -1 -1 -1
0 855 345 934 411
1 855 345 937 410
2 854 345 935 412
3 856 345 937 410
4 856 346 936 411
5 857 345 937 409
6 856 345 938 412
7 856 343 939 408
8 858 345 940 410
9 858 345 939 410
10 857 345 939 410
11 859 343 940 409
12 858 344 941 411
13 860 345 941 412
14 861 344 943 412
15 861 343 944 412
16 861 343 943 413
17 861 345 944 411
18 861 345 944 412
19 860 345 944 409
20 862 344 943 411
21 862 346 944 413
22 865 344 945 412
23 864 345 944 412
24 864 344 946 411
25 865 344 948 412
26 862 344 949 412
27 864 343 948 412
28 864 344 948 411
29 863 343 949 411
30 867 342 948 413
31 866 341 949 409
32 867 341 950 412
33 868 339 949 410
34 867 341 950 407
35 867 338 951 409
36 870 338 949 408
37 868 339 952 410
38 869 338 951 408
39 867 339 952 408
40 868 338 953 408
41 868 336 951 407
42 870 336 951 407
43 871 336 952 406
44 871 337 954 408
45 870 337 952 406
46 871 334 953 407
47 871 335 953 404
48 873 334 953 404
49 872 334 954 402
50 873 334 954 406
51 871 333 954 403
52 872 334 954 403
53 873 333 955 404
54 871 332 954 402
55 873 334 954 402
56 873 334 955 403
57 874 333 955 404
58 874 334 956 404
59 873 334 955 403
60 876 334 957 402
61 872 333 958 400
62 874 334 956 401
63 876 334 958 402
64 874 335 958 402
65 873 334 958 402
66 875 335 957 403
67 875 334 957 404
68 876 335 956 402
69 874 334 957 402
70 876 335 956 401
71 876 335 957 403
72 874 335 958 403
73 875 334 958 401
74 875 335 960 402
75 877 335 958 402
76 877 334 958 401
77 876 334 958 399
78 875 333 958 397
79 878 328 959 396
80 882 328 960 395
81 882 328 958 395
82 878 325 958 389
83 877 320 960 386
84 877 319 958 383
85 876 315 957 380
86 874 310 958 378
87 877 310 958 376
88 876 307 959 375
89 876 305 961 373
90 879 299 960 369
91 879 298 961 365
92 877 295 961 363
93 879 293 960 364
94 877 292 959 359
95 878 288 960 359
96 879 287 960 358
97 879 285 961 357
98 878 284 963 355
99 880 285 960 355
100 878 284 963 356
101 881 283 962 355
102 878 284 962 357
103 878 283 960 357
104 880 286 961 357
105 879 286 961 357
106 879 287 962 358
107 879 287 961 362
108 877 288 960 360
109 879 288 961 363
110 879 289 958 362
111 880 288 961 363
112 879 288 961 364
113 881 289 962 363
114 882 291 962 364
115 879 290 962 364
116 878 291 962 366
117 879 292 958 365
118 877 291 961 367
119 878 291 959 367
120 878 293 959 369
121 879 294 960 368
122 877 294 960 369
123 878 294 960 369
124 875 294 958 368
125 876 296 958 369
126 876 295 958 370
127 876 296 958 370
128 878 296 957 372
129 876 296 956 371
130 877 298 958 372
131 876 298 956 371
132 874 299 956 372
133 874 300 958 373
134 874 300 956 372
135 874 301 956 372
136 877 301 956 372
137 873 300 954 374
138 873 301 955 372
139 872 303 954 373
140 873 303 956 375
141 872 303 955 376
142 873 304 954 375
143 878 303 953 374
144 874 305 954 374
145 871 304 953 375
146 872 304 953 375
147 871 304 952 375
148 872 305 953 377
149 871 306 952 376
150 873 307 951 375
151 871 305 949 376
152 871 307 949 374
153 871 306 950 377
154 871 308 951 378
155 869 306 951 376
156 869 305 950 376
157 871 308 949 378
158 869 308 947 375
159 870 308 949 378
160 866 309 947 377
161 867 309 946 377
162 867 309 946 379
163 867 310 945 378
164 867 312 944 378
165 866 311 946 381
166 867 312 944 378
167 864 312 945 379
168 866 312 944 381
169 865 312 942 381
170 863 311 944 381
171 865 313 945 381
172 865 314 943 382
173 865 313 943 383
174 869 313 942 382
175 863 314 940 383
176 862 315 941 382
177 861 315 940 383
178 860 314 939 383
179 860 316 939 387
180 860 314 939 383
181 870 315 939 385
182 864 317 939 386
183 862 317 938 385
184 858 317 938 386
185 858 318 936 386
186 857 317 934 387
187 857 319 934 387
188 858 318 934 386
189 861 318 935 388
190 860 319 934 388
191 855 318 932 387
192 856 318 932 387
193 856 319 933 389
194 856 320 933 388
195 857 319 932 389
196 855 319 932 389
197 856 320 930 389
198 855 321 930 391
199 854 321 930 391
200 851 323 929 392
201 853 322 930 393
202 852 323 930 392
203 852 322 930 393
204 853 323 930 392
205 853 324 931 394
206 850 323 930 394
207 852 323 930 396
208 849 323 929 393
209 851 323 929 395
210 851 323 930 394
211 849 324 927 395
212 849 323 928 394
213 850 324 927 394
214 850 323 927 393
215 855 321 926 393
216 856 320 925 389
217 850 318 925 386
218 848 317 924 388
219 848 316 924 385
220 849 315 925 384
221 848 314 926 381
222 846 311 926 382
223 848 311 923 380
224 847 308 922 378
225 847 309 921 381
226 845 308 922 376
227 845 308 921 376
228 842 305 920 375
229 842 303 918 372
230 841 299 920 373
231 842 300 918 371
232 840 300 918 371
233 840 298 918 371
234 840 298 917 369
235 839 297 915 367
236 839 294 915 366
237 838 294 915 368
238 838 294 914 365
239 837 292 913 364
240 834 291 914 362
241 837 289 911 360
242 836 289 912 358
243 836 289 911 358
244 834 285 910 357
245 835 285 910 356
246 833 282 909 353
247 833 281 909 353
248 832 279 908 350
249 831 280 907 350
250 832 278 906 350
251 836 277 906 346
252 835 273 905 345
253 830 273 904 343
254 829 271 904 343
255 829 271 903 344
256 827 270 902 340
257 826 268 900 339
258 826 265 901 338
259 825 266 899 338
260 823 266 897 335
261 824 265 897 336
262 822 263 896 336
263 823 262 896 334
264 820 261 894 331
265 819 260 894 331
266 818 259 894 329
267 818 258 892 329
268 817 257 890 327
269 817 255 889 326
270 814 253 890 325
271 815 252 887 322
272 814 250 887 318
273 811 251 887 319
274 811 248 884 318
275 811 247 883 315
276 809 245 881 312
277 807 243 878 310
278 806 240 877 309
279 807 241 877 308
280 804 240 875 306
281 806 238 873 305
282 805 236 870 302
283 805 233 868 299
284 799 230 868 297
285 800 230 868 297
286 797 228 866 295
287 796 227 863 293
288 794 226 863 292
289 794 223 861 286
290 793 221 857 285
291 794 221 858 285
292 791 218 857 284
293 789 216 855 280
294 787 212 854 278
295 786 212 852 277
296 783 211 849 273
297 783 211 850 275
298 782 206 852 272
299 782 205 852 271
300 779 205 849 269
301 778 203 841 264
302 777 203 839 264
303 775 203 840 264
304 773 202 839 260
305 771 201 835 258
306 773 199 834 258
307 769 196 833 256
308 769 196 830 255
309 768 195 830 256
310 766 195 830 253
311 766 192 826 253
312 766 191 825 250
313 762 190 824 248
314 763 190 822 248
315 763 190 822 248
316 762 188 821 247
317 761 189 819 246
318 758 188 818 247
319 756 189 815 245
320 755 188 815 245
321 756 187 814 247
322 755 188 813 245
323 755 188 810 245
324 754 189 808 243
325 752 188 806 245
326 748 189 806 245
327 749 187 805 245
328 748 189 804 243
329 748 189 802 243
330 746 188 802 243
331 746 189 800 244
332 748 191 798 243
333 749 190 796 242
334 742 189 796 245
335 740 190 793 245
336 739 191 792 245
337 737 191 792 245
338 737 192 789 245
339 737 191 790 245
340 737 191 787 244
341 735 193 787 245
342 734 193 786 246
343 732 192 784 245
344 730 192 783 243
345 729 192 783 245
346 730 192 781 243
347 728 192 780 244
348 726 193 777 244
349 728 194 777 244
350 723 192 776 244
351 724 194 777 244
352 724 195 775 243
353 724 195 772 245
354 721 196 772 245
355 720 195 772 245
356 717 196 769 245
357 723 197 768 246
358 719 197 767 247
359 721 200 767 248
360 717 200 766 250
361 718 202 763 250
362 717 203 762 250
363 714 204 763 250
364 717 203 760 252
365 717 204 759 251
366 715 206 758 251
367 713 209 758 253
368 714 210 758 254
369 713 209 758 253
370 712 210 757 254
371 709 211 754 256
372 707 212 754 256
373 706 214 751 259
374 706 215 753 260
375 706 215 752 259
376 706 214 751 259
377 703 215 749 259
378 704 216 746 262
379 704 216 746 261
380 700 218 747 262
381 702 218 744 260
382 701 220 743 263
383 700 219 744 263
384 700 221 743 264
385 698 221 741 264
386 698 221 742 264
387 698 221 740 264
388 696 223 739 264
389 697 223 737 264
390 697 224 737 267
391 695 225 736 267
392 695 225 737 268
393 693 227 735 266
394 692 226 734 267
395 693 228 732 270
396 692 228 733 269
397 691 228 730 270
398 692 230 732 270
399 690 229 730 269
400 688 232 729 270
401 690 231 729 270
402 687 231 728 272
403 688 233 725 272
404 687 233 724 274
405 686 234 724 272
406 686 234 725 274
407 685 235 720 277
408 685 238 718 274
409 684 237 724 277
410 684 240 722 278
411 682 240 723 278
412 682 241 721 279
413 683 242 717 278
414 682 243 717 281
415 682 245 716 282
416 681 244 716 283
417 681 246 717 284
418 678 246 713 283
419 679 248 713 286
420 678 249 714 288
421 677 251 714 290
422 677 252 713 293
423 677 251 712 292
424 676 254 711 293
425 676 256 711 294
426 676 258 708 293
427 674 257 708 296
428 675 260 710 295
429 672 260 707 298
430 673 261 707 296
431 672 262 708 301
432 670 264 706 303
433 670 266 704 302
434 670 265 706 303
435 671 268 705 303
436 671 271 705 306
437 671 271 705 307
438 669 273 704 308
439 670 276 702 308
440 671 277 702 311
441 669 275 705 312
442 669 278 702 315
443 669 281 701 313
444 670 282 700 312
445 669 283 700 317
446 669 286 700 317
447 668 287 701 318
448 665 288 701 322
449 665 291 698 323
450 666 290 700 324
451 664 293 697 323
452 663 296 697 327
453 663 298 697 328
454 665 299 696 331
455 664 300 695 332
456 664 304 692 334
457 663 311 692 339
458 663 310 692 340
459 662 311 692 340
460 661 315 692 343
461 662 315 693 348
462 661 320 691 351
463 659 322 691 354
464 659 325 689 357
465 660 325 691 355
466 657 329 691 358
467 658 331 687 362
468 657 333 689 364
469 656 334 689 367
470 656 336 689 369
471 658 337 691 369
472 654 340 689 372
473 654 343 690 376
474 655 345 688 378
475 655 347 688 382
476 654 348 687 383
477 655 349 688 383
478 654 350 687 386
479 654 355 687 387
480 652 357 687 390
481 651 359 685 392
482 652 362 686 395
483 651 362 686 396
484 650 365 684 398
485 651 368 683 399
486 650 369 683 402
487 648 372 683 404
488 649 373 683 408
489 650 374 682 407
490 650 376 682 411
491 649 379 683 414
492 647 380 681 415
493 648 382 682 417
494 647 385 679 419
495 647 386 680 420
496 645 387 681 421
497 646 391 681 430
498 647 394 679 431
499 646 396 679 434
500 646 397 679 435
501 642 396 677 434
502 644 399 678 436
503 644 401 679 437
504 642 402 677 439
505 642 404 677 441
506 642 407 678 445
507 643 407 677 444
508 641 411 674 447
509 639 411 677 448
510 641 414 678 453
511 641 417 677 452
512 641 416 677 454
513 639 419 673 455
514 639 421 675 456
515 637 424 676 459
516 637 425 676 462
517 636 426 675 464
518 642 431 672 464
519 640 429 673 464
520 639 432 672 465
521 641 436 671 466
522 639 436 670 468
523 639 437 669 471
524 639 439 669 470
525 637 439 670 473
526 637 440 669 473
527 637 442 668 477
528 635 445 668 475
529 635 444 668 477
530 637 445 668 480
531 634 447 665 480
532 634 446 665 479
533 632 445 665 482
534 635 446 664 482
535 632 447 664 480
536 632 447 663 482
537 631 447 663 480
538 631 449 661 483
539 626 450 662 485
540 624 451 659 486
541 622 453 657 486
542 622 453 657 486
543 622 453 657 486
544 622 453 657 486
545 622 453 657 486
546 622 453 657 486
547 622 453 657 486
548 622 453 657 486
549 622 453 657 486
550 622 453 657 486
551 622 453 657 486
552 622 453 657 486
553 622 453 657 486
554 622 453 657 486
555 622 453 657 486
556 622 453 657 486
557 622 453 657 486
558 622 453 657 486
559 622 453 657 486
560 622 453 657 486
561 622 453 657 486
562 622 453 657 486
563 622 453 657 486
564 622 453 657 486
565 622 453 657 486
566 622 453 657 486
567 622 453 657 486
568 622 453 657 486
569 622 453 657 486
570 622 453 657 486
571 622 453 657 486
572 622 453 657 486
573 622 453 657 486
574 622 453 657 486
575 622 453 657 486
576 622 453 657 486
577 622 453 657 486
578 622 453 657 486
579 622 453 657 486
580 622 453 657 486
581 622 453 657 486
582 622 453 657 486
583 622 453 657 486
584 622 453 657 486
585 622 453 657 486
586 622 453 657 486
587 622 453 657 486
588 622 453 657 486
589 622 453 657 486
590 622 453 657 486
591 622 453 657 486
592 622 453 657 486
593 622 453 657 486
594 622 453 657 486
595 622 453 657 486
596 622 453 657 486
597 622 453 657 486
598 622 453 657 486
599 622 453 657 486
600 622 453 657 486
601 622 453 657 486
602 622 453 657 486
603 622 453 657 486
604 622 453 657 486
605 622 453 657 486
606 622 453 657 486
607 622 453 657 486
608 622 453 657 486
609 622 453 657 486
610 622 453 657 486
611 622 453 657 486
612 622 453 657 486
613 622 453 657 486
614 622 453 657 486
615 622 453 657 486
616 622 453 657 486
617 622 453 657 486
618 622 453 657 486
619 622 453 657 486
620 622 453 657 486
621 622 453 657 486
622 622 453 657 486
623 622 453 657 486
624 622 453 657 486
625 622 453 657 486
626 622 453 657 486
627 622 453 657 486
628 622 453 657 486
629 622 453 657 486
630 622 453 657 486
631 622 453 657 486
632 622 453 657 486
633 622 453 657 486
634 622 453 657 486
635 622 453 657 486
636 622 453 657 486
637 622 453 657 486
638 622 453 657 486
639 622 453 657 486
640 622 453 657 486
641 622 453 657 486
642 622 453 657 486
643 622 453 657 486
644 622 453 657 486
645 622 453 657 486
646 622 453 657 486
647 622 453 657 486
648 622 453 657 486
