275 -1 -1 -1 -1
0 461 363 549 439
1 463 362 547 438
2 463 360 549 438
3 462 360 546 439
4 461 361 547 436
5 460 360 545 436
6 461 357 546 435
7 461 359 544 436
8 458 359 545 436
9 461 358 544 435
10 457 357 544 435
11 459 356 544 432
12 458 355 544 432
13 456 356 541 431
14 458 356 541 432
15 458 354 543 431
16 456 354 543 429
17 457 354 540 428
18 455 353 540 427
19 456 352 539 426
20 456 351 539 426
21 456 353 539 427
22 455 352 538 425
23 454 353 538 425
24 454 349 536 424
25 453 351 536 423
26 454 350 536 424
27 451 351 537 424
28 452 351 536 423
29 453 350 535 423
30 451 351 534 421
31 451 350 534 421
32 452 350 533 421
33 451 350 534 421
34 452 350 534 419
35 451 349 533 419
36 449 347 533 420
37 450 345 532 417
38 449 346 532 416
39 448 345 531 417
40 446 344 531 417
41 448 344 531 415
42 447 343 530 413
43 446 342 530 414
44 448 342 530 413
45 447 341 530 413
46 446 338 530 412
47 447 336 529 408
48 447 335 528 407
49 446 334 530 407
50 446 333 528 406
51 445 329 529 406
52 446 327 528 400
53 444 323 530 396
54 445 321 529 393
55 445 317 528 390
56 446 316 529 389
57 445 311 528 383
58 446 308 528 381
59 449 302 529 375
60 449 300 530 373
61 450 294 530 368
62 449 295 530 367
63 450 292 530 362
64 453 290 530 359
65 453 284 530 357
66 454 285 531 353
67 455 280 531 350
68 456 282 533 350
69 458 279 531 347
70 457 275 531 347
71 459 274 531 345
72 461 269 534 338
73 461 268 533 335
74 462 269 534 336
75 461 266 534 336
76 464 263 534 330
77 464 260 535 326
78 464 258 534 325
79 465 253 534 320
80 466 255 535 320
81 468 252 535 316
82 468 248 537 313
83 471 247 538 310
84 470 241 537 306
85 471 238 537 304
86 471 238 537 302
87 472 235 538 302
88 472 234 539 302
89 474 232 539 296
90 475 228 540 294
91 476 227 538 289
92 476 228 539 290
93 476 224 540 286
94 476 222 541 283
95 479 220 542 281
96 479 217 540 278
97 481 214 543 276
98 480 216 542 278
99 482 212 543 273
100 481 210 543 269
101 482 208 542 268
102 483 206 544 265
103 484 202 544 264
104 485 202 544 263
105 485 201 544 259
106 485 197 545 257
107 484 196 545 253
108 486 192 545 251
109 487 189 542 248
110 485 190 545 247
111 485 187 544 246
112 486 185 543 242
113 486 180 544 241
114 485 178 543 237
115 485 176 544 235
116 485 177 543 236
117 484 174 544 235
118 485 172 544 230
119 484 170 544 229
120 484 170 546 228
121 485 168 541 226
122 482 168 544 228
123 482 167 543 225
124 482 166 542 223
125 483 164 542 221
126 485 161 541 221
127 484 162 542 218
128 482 163 541 219
129 484 163 541 220
130 485 160 543 220
131 485 162 541 221
132 484 165 540 222
133 484 165 541 222
134 485 165 541 222
135 483 169 541 225
136 486 172 541 228
137 486 176 542 232
138 484 171 540 226
139 480 157 534 210
140 479 155 535 213
141 478 143 531 197
142 474 130 527 187
143 471 120 525 178
144 467 113 520 169
145 465 106 517 161
146 464 107 518 162
147 462 100 514 155
148 459 94 512 150
149 456 92 508 145
150 454 87 506 140
151 452 83 502 136
152 451 82 501 136
153 447 81 500 133
154 444 78 496 131
155 443 78 494 132
156 440 81 489 133
157 438 82 487 134
158 436 82 487 135
159 433 83 484 136
160 430 86 480 138
161 428 87 477 140
162 423 89 473 141
163 421 89 470 142
164 420 91 470 141
165 418 92 468 143
166 413 93 466 145
167 410 95 462 146
168 408 96 458 148
169 404 97 455 149
170 404 96 456 150
171 400 99 452 150
172 398 100 450 153
173 396 100 446 154
174 391 103 444 155
175 389 104 440 156
176 389 104 440 156
177 387 105 436 158
178 383 107 435 159
179 379 109 432 161
180 378 110 427 161
181 375 111 426 162
182 375 111 425 162
183 371 113 423 165
184 369 114 420 165
185 366 116 417 167
186 364 116 413 169
187 361 119 411 169
188 360 117 411 169
189 359 119 409 169
190 356 120 406 172
191 354 121 405 172
192 349 124 402 174
193 346 124 400 174
194 348 124 399 175
195 344 124 398 176
196 343 126 396 178
197 341 126 392 178
198 337 130 390 180
199 336 130 387 181
200 336 129 387 182
201 333 131 384 183
202 330 133 382 184
203 328 134 380 185
204 327 136 379 187
205 323 136 374 187
206 323 136 375 189
207 321 138 374 188
208 320 139 370 191
209 317 141 370 191
210 315 141 368 192
211 313 142 366 193
212 313 141 365 194
213 309 144 363 193
214 308 143 363 197
215 307 145 360 197
216 305 147 355 199
217 302 148 356 199
218 301 147 355 198
219 301 147 354 200
220 298 150 352 201
221 296 151 350 202
222 296 152 348 205
223 294 153 346 203
224 293 152 346 203
225 290 154 344 205
226 290 154 344 207
227 288 156 341 206
228 287 157 339 209
229 286 158 339 208
230 285 158 338 209
231 284 157 337 209
232 281 159 335 210
233 279 159 334 212
234 278 161 332 212
235 278 162 331 215
236 276 162 335 213
237 275 162 330 215
238 275 162 329 214
239 272 163 327 216
240 272 165 327 215
241 271 164 324 217
242 270 165 325 217
243 268 167 323 218
244 267 167 321 219
245 266 168 321 220
246 266 169 319 221
247 263 169 317 221
248 266 170 318 221
249 265 170 318 221
250 263 172 315 223
251 261 172 315 225
252 261 172 312 224
253 259 173 314 226
254 260 174 314 226
255 260 174 313 226
256 259 174 311 227
257 258 174 310 228
258 256 177 311 230
259 256 178 311 230
260 256 177 310 228
261 255 178 309 230
262 254 179 309 229
263 253 179 308 231
264 254 179 306 232
265 254 181 307 231
266 252 180 305 231
267 252 180 306 231
268 252 181 306 231
269 250 181 305 234
270 251 182 305 234
271 250 183 305 234
272 251 183 305 233
273 249 184 304 235
274 250 184 303 235
